1 2 19
1 12 12
1 16 19
1 18 19
1 54 14
1 71 19
1 121 19
1 138 19
1 143 19
1 147 13
1 156 19
1 157 19
1 189 12
1 213 19
1 246 14
2 7 12
2 12 16
2 41 19
2 79 13
2 121 14
2 138 14
2 144 12
2 147 19
2 166 15
2 189 13
2 213 12
2 246 12
3 24 12
3 45 19
3 70 19
3 148 19
3 151 19
3 154 19
3 158 12
3 169 18
3 185 19
3 191 13
3 196 12
3 211 19
3 234 19
3 237 18
4 16 13
4 18 15
4 19 14
4 40 13
4 54 12
4 71 14
4 83 14
4 89 19
4 115 14
4 123 16
4 136 19
4 143 14
4 156 17
4 157 17
4 164 19
4 206 19
4 225 19
4 242 15
5 23 17
5 36 14
5 37 19
5 50 14
5 59 13
5 103 19
5 104 13
5 120 17
5 122 18
5 172 14
5 182 14
5 187 13
5 231 12
5 243 17
5 248 12
6 25 16
6 32 15
6 56 19
6 99 17
6 102 16
6 113 19
6 125 17
6 127 14
6 142 19
6 162 13
6 174 19
6 179 17
7 12 19
7 20 12
7 24 19
7 34 14
7 74 19
7 79 17
7 126 19
7 138 19
7 144 17
7 151 19
7 158 19
7 166 15
7 185 13
7 193 14
7 204 14
7 208 19
7 213 19
7 222 13
7 232 12
8 11 13
8 20 19
8 31 13
8 45 12
8 58 13
8 72 12
8 81 13
8 87 16
8 90 12
8 97 13
8 100 15
8 133 12
8 154 16
8 158 19
8 186 13
8 192 16
8 196 13
8 203 19
8 211 19
8 221 12
9 17 14
9 49 14
9 62 15
9 78 19
9 102 19
9 105 16
9 113 16
9 119 18
9 142 13
9 226 17
10 19 19
10 26 19
10 33 12
10 42 19
10 57 19
10 75 19
10 89 15
10 108 19
10 118 19
10 136 13
10 140 17
10 153 15
10 165 16
10 188 15
10 205 14
10 225 19
10 233 19
10 242 19
10 244 19
10 250 13
11 31 17
11 45 15
11 46 14
11 58 19
11 81 18
11 87 16
11 90 12
11 97 13
11 98 19
11 100 17
11 133 17
11 154 13
11 160 13
11 186 18
11 192 16
11 196 12
11 199 13
11 224 19
11 234 15
12 54 19
12 74 19
12 79 19
12 121 14
12 138 17
12 144 19
12 147 12
12 166 12
12 189 14
12 204 19
12 213 15
12 246 13
13 21 12
13 53 19
13 64 19
13 69 19
13 91 19
13 92 19
13 101 12
13 131 18
13 132 19
13 159 19
13 170 13
13 190 19
13 197 6
13 200 13
13 201 19
13 220 15
13 240 19
14 15 19
14 22 13
14 32 19
14 38 19
14 61 19
14 68 19
14 78 19
14 110 18
14 114 19
14 117 13
14 174 15
14 202 19
14 207 19
14 209 19
14 227 19
14 228 19
14 230 19
14 241 12
15 22 16
15 56 19
15 61 15
15 95 12
15 110 19
15 114 19
15 117 19
15 125 19
15 162 19
15 174 19
15 202 18
15 223 16
15 230 17
15 235 19
15 249 12
16 18 13
16 19 14
16 54 15
16 71 18
16 74 19
16 89 19
16 129 19
16 136 19
16 140 19
16 143 13
16 156 13
16 157 13
16 205 19
16 206 13
16 213 19
16 215 19
16 225 14
16 242 15
17 49 19
17 62 17
17 78 19
17 83 19
17 105 16
17 113 19
17 119 13
17 164 13
17 168 19
17 195 19
17 226 13
18 54 15
18 71 14
18 83 19
18 115 15
18 123 13
18 143 18
18 146 15
18 156 17
18 157 17
18 206 15
18 242 12
18 246 19
19 40 19
19 54 19
19 71 14
19 89 12
19 123 19
19 129 19
19 136 14
19 140 19
19 153 19
19 156 12
19 157 12
19 165 19
19 205 12
19 206 14
19 215 19
19 225 14
19 242 17
20 34 15
20 72 19
20 74 19
20 79 12
20 106 15
20 109 17
20 126 17
20 144 13
20 158 19
20 185 12
20 193 19
20 204 13
20 208 15
20 211 19
20 215 19
20 221 19
20 222 14
20 232 18
21 42 19
21 52 19
21 53 19
21 64 19
21 98 19
21 131 13
21 170 19
21 197 5
21 200 17
21 201 13
21 203 19
21 220 14
21 244 19
22 61 14
22 68 19
22 95 19
22 110 12
22 114 12
22 116 19
22 117 12
22 125 19
22 174 19
22 202 17
22 223 13
22 230 14
22 241 19
23 36 16
23 59 12
23 77 12
23 103 19
23 104 15
23 120 19
23 122 16
23 150 14
23 159 19
23 172 13
23 173 12
23 182 16
23 187 12
23 231 14
23 236 19
23 243 18
23 248 14
24 70 17
24 151 17
24 158 14
24 166 19
24 169 13
24 185 16
24 191 12
24 193 14
24 211 19
24 222 14
24 237 12
25 32 14
25 99 15
25 102 17
25 113 19
25 119 19
25 125 15
25 127 13
25 142 12
25 179 15
26 30 15
26 33 16
26 38 19
26 42 15
26 44 15
26 53 19
26 57 18
26 64 12
26 75 16
26 108 14
26 118 17
26 165 19
26 188 14
26 197 8
26 209 19
26 214 16
26 227 13
26 233 12
26 250 16
27 128 19
27 141 18
27 177 12
28 61 19
28 66 13
28 67 15
28 68 19
28 69 19
28 80 15
28 86 13
28 95 19
28 111 15
28 114 19
28 116 13
28 124 19
28 130 14
28 132 14
28 178 19
28 212 19
28 235 13
28 238 15
28 240 14
29 60 12
29 63 17
29 82 14
29 96 17
29 107 14
29 137 15
29 149 17
29 163 15
29 167 12
29 175 15
29 176 19
29 180 15
30 33 14
30 38 14
30 42 13
30 44 16
30 57 15
30 64 19
30 68 19
30 75 15
30 108 12
30 117 19
30 118 16
30 188 19
30 197 10
30 207 12
30 209 14
30 214 18
30 227 17
30 241 12
30 250 13
31 45 13
31 46 13
31 52 12
31 58 17
31 81 16
31 87 14
31 90 14
31 97 15
31 98 12
31 100 16
31 133 16
31 154 19
31 160 15
31 186 16
31 192 15
31 199 15
31 203 12
31 224 12
32 78 19
32 99 13
32 102 15
32 110 19
32 113 19
32 125 13
32 142 14
32 174 19
32 179 13
32 226 19
33 38 12
33 42 13
33 44 16
33 57 15
33 75 17
33 89 19
33 108 17
33 118 17
33 140 19
33 165 12
33 188 16
33 207 13
33 209 12
33 214 13
33 227 14
33 233 15
33 250 17
34 74 14
34 79 16
34 106 14
34 109 14
34 126 14
34 129 19
34 138 19
34 144 16
34 166 19
34 185 19
34 193 12
34 204 17
34 208 16
34 211 19
34 213 19
34 215 13
34 222 12
34 232 16
35 37 13
35 39 18
35 43 13
35 60 12
35 82 19
35 103 14
35 107 13
35 167 13
35 172 12
35 175 19
35 180 13
35 210 13
36 59 19
36 77 14
36 91 19
36 92 12
36 101 19
36 104 18
36 120 16
36 150 17
36 159 13
36 170 19
36 173 19
36 182 17
36 187 19
36 190 19
36 231 12
36 243 16
36 248 14
37 39 13
37 43 12
37 47 14
37 85 15
37 103 14
37 107 19
37 122 19
37 167 19
37 172 14
37 247 13
38 44 15
38 57 19
38 75 14
38 78 19
38 108 12
38 110 12
38 117 19
38 118 13
38 174 12
38 207 16
38 209 19
38 214 13
38 227 16
38 228 13
38 241 12
38 250 19
39 43 14
39 60 13
39 82 19
39 103 13
39 107 14
39 167 14
39 172 19
39 175 19
39 180 13
39 210 13
39 247 14
40 49 19
40 62 19
40 83 16
40 89 19
40 105 19
40 115 19
40 123 15
40 156 19
40 157 19
40 164 16
40 165 19
40 168 19
40 206 13
40 233 19
41 48 14
41 55 19
41 70 19
41 121 19
41 151 19
41 161 15
41 166 13
41 171 13
41 191 19
41 193 19
41 198 15
42 44 19
42 53 14
42 57 16
42 64 15
42 75 12
42 118 13
42 140 19
42 153 19
42 188 13
42 197 9
42 214 14
42 227 19
42 244 19
42 250 15
43 47 19
43 60 15
43 85 15
43 94 18
43 107 14
43 167 16
43 180 13
43 247 17
44 57 14
44 75 18
44 108 15
44 117 19
44 118 17
44 165 19
44 188 13
44 207 14
44 209 15
44 214 15
44 227 16
44 228 19
44 233 13
44 241 19
44 250 14
45 46 13
45 58 15
45 81 16
45 87 14
45 100 14
45 133 15
45 145 13
45 148 15
45 154 14
45 186 16
45 192 14
45 196 15
45 229 14
45 234 18
46 58 14
46 81 15
46 87 12
46 100 13
46 133 16
46 145 15
46 160 13
46 173 19
46 186 15
46 192 12
46 199 12
46 219 19
46 224 15
46 231 19
46 234 13
46 236 19
47 50 19
47 85 13
47 122 13
47 183 9
47 247 19
48 55 13
48 65 19
48 73 19
48 155 19
48 161 13
48 171 18
48 198 13
48 218 12
49 62 17
49 83 19
49 105 16
49 113 19
49 115 19
49 119 13
49 123 19
49 164 13
49 168 19
49 195 19
49 226 13
50 59 14
50 122 15
50 187 14
50 243 13
51 84 17
51 88 16
51 93 18
51 112 14
51 124 14
51 135 17
51 139 17
51 152 14
51 178 15
51 181 16
51 245 16
52 72 19
52 90 15
52 97 14
52 98 17
52 101 19
52 160 14
52 199 14
52 200 19
52 201 13
52 203 17
52 219 13
52 220 19
52 224 19
53 57 12
53 64 18
53 131 19
53 132 19
53 197 11
53 200 19
53 214 19
53 220 19
53 244 19
54 71 15
54 74 19
54 115 19
54 138 19
54 143 16
54 156 13
54 157 13
54 206 12
54 213 19
54 225 19
54 242 12
54 246 19
55 65 17
55 73 14
55 121 12
55 134 19
55 155 15
55 161 19
55 171 12
55 189 19
55 198 19
55 218 17
56 88 19
56 95 12
56 99 12
56 125 12
56 127 15
56 162 16
56 179 12
56 202 19
56 223 14
56 230 13
56 239 13
56 249 14
57 64 13
57 75 15
57 108 13
57 118 16
57 165 19
57 188 13
57 197 8
57 209 19
57 214 16
57 227 13
57 244 19
57 250 15
58 81 18
58 87 16
58 90 12
58 97 13
58 98 19
58 100 17
58 133 17
58 154 13
58 160 13
58 186 18
58 192 16
58 196 12
58 199 13
58 224 19
58 234 15
59 120 12
59 122 13
59 187 19
59 212 19
59 217 19
59 243 13
59 248 16
60 63 19
60 82 12
60 85 12
60 94 16
60 96 13
60 107 16
60 149 19
60 167 18
60 175 13
60 180 16
60 247 14
61 67 19
61 68 19
61 95 14
61 110 19
61 111 13
61 114 13
61 116 13
61 117 19
61 124 19
61 202 15
61 223 14
61 230 15
61 235 15
61 241 19
61 249 13
62 78 19
62 83 19
62 105 17
62 113 12
62 119 14
62 123 19
62 164 13
62 168 13
62 226 14
62 228 19
63 82 13
63 96 16
63 107 12
63 137 17
63 148 19
63 149 19
63 163 17
63 167 19
63 175 14
63 176 12
63 180 13
63 191 19
63 229 19
64 118 19
64 131 19
64 153 19
64 197 10
64 200 19
64 214 19
64 220 19
64 244 19
64 250 19
65 73 16
65 121 13
65 134 19
65 147 19
65 155 16
65 171 19
65 189 12
65 218 17
66 67 19
66 69 19
66 80 15
66 84 19
66 86 14
66 112 12
66 124 19
66 130 16
66 135 12
66 152 19
66 178 19
66 212 13
66 217 12
66 238 17
66 240 12
67 68 19
67 69 19
67 80 13
67 86 12
67 111 13
67 114 19
67 116 14
67 117 19
67 130 12
67 132 16
67 190 19
67 197 8
67 235 19
67 238 19
67 240 15
68 111 19
68 114 15
68 116 12
68 117 14
68 132 19
68 197 11
68 214 19
68 227 19
68 235 19
68 241 13
69 80 13
69 86 15
69 130 13
69 132 12
69 159 19
69 190 13
69 212 14
69 217 12
69 238 19
69 240 15
69 248 19
70 151 17
70 166 19
70 169 19
70 185 15
70 191 13
70 193 15
70 198 13
70 222 13
70 237 19
71 74 19
71 123 19
71 129 19
71 136 19
71 143 14
71 156 14
71 157 14
71 205 19
71 206 14
71 213 19
71 225 13
71 242 16
72 87 19
72 90 19
72 97 19
72 100 19
72 106 19
72 109 19
72 126 19
72 154 19
72 158 19
72 192 19
72 203 19
72 208 19
72 211 13
72 221 17
72 232 19
73 121 13
73 134 14
73 147 12
73 155 17
73 184 19
73 189 12
73 218 15
73 246 19
74 79 13
74 106 13
74 109 12
74 126 12
74 129 14
74 138 13
74 144 13
74 204 16
74 208 15
74 213 15
74 215 15
74 225 19
74 232 12
75 108 16
75 118 18
75 165 19
75 188 14
75 207 14
75 209 14
75 214 14
75 227 15
75 228 19
75 233 14
75 241 19
75 250 15
76 194 18
76 239 16
77 91 14
77 92 15
77 101 12
77 104 15
77 120 12
77 150 16
77 159 19
77 170 19
77 173 14
77 182 15
77 201 19
77 224 19
77 231 14
77 236 13
77 243 12
78 105 12
78 110 19
78 142 19
78 168 13
78 174 12
78 207 12
78 209 19
78 226 13
78 228 15
79 109 19
79 126 19
79 129 19
79 138 12
79 144 18
79 151 19
79 166 14
79 185 19
79 193 12
79 204 16
79 208 13
79 213 12
79 222 12
79 232 13
80 86 16
80 111 12
80 116 19
80 124 19
80 130 18
80 132 13
80 135 19
80 178 19
80 190 19
80 212 13
80 217 19
80 235 19
80 238 16
80 240 16
81 87 16
81 100 17
81 133 18
81 145 12
81 154 13
81 160 12
81 186 19
81 192 16
81 196 12
81 199 12
81 224 19
81 234 16
82 107 15
82 148 19
82 149 13
82 167 13
82 175 18
82 180 15
82 210 12
82 229 19
83 105 19
83 115 12
83 123 17
83 156 13
83 157 13
83 164 15
83 206 14
84 88 14
84 93 18
84 112 16
84 124 12
84 135 18
84 139 19
84 152 16
84 178 14
84 181 18
84 238 19
84 245 18
85 94 15
85 167 12
85 247 17
86 111 19
86 130 16
86 132 12
86 159 19
86 178 19
86 187 19
86 190 19
86 212 16
86 217 13
86 238 14
86 240 15
86 248 19
87 90 12
87 97 13
87 100 17
87 133 15
87 154 16
87 186 16
87 192 18
87 196 13
87 211 19
87 221 19
87 234 14
88 93 15
88 112 19
88 135 14
88 139 14
88 152 19
88 181 13
88 239 19
88 245 13
88 249 19
89 108 19
89 136 16
89 140 16
89 153 13
89 165 16
89 188 12
89 205 12
89 206 19
89 225 19
89 233 19
89 242 19
89 250 19
90 97 18
90 98 14
90 100 13
90 133 12
90 160 14
90 186 19
90 192 13
90 199 14
90 200 19
90 201 19
90 203 17
90 219 19
90 221 19
91 92 18
91 101 16
91 104 12
91 131 19
91 150 12
91 159 19
91 170 16
91 173 19
91 182 19
91 190 19
91 201 19
91 219 19
91 220 12
91 236 19
92 101 15
92 104 13
92 131 19
92 150 13
92 159 19
92 170 15
92 173 19
92 182 19
92 190 19
92 199 19
92 201 19
92 219 19
92 220 19
92 231 19
92 236 19
93 112 15
93 124 13
93 135 18
93 139 18
93 152 15
93 178 14
93 181 17
93 245 17
94 167 15
94 247 17
95 111 13
95 114 19
95 116 19
95 124 13
95 135 19
95 162 19
95 178 19
95 202 19
95 223 14
95 230 13
95 235 15
95 238 19
95 249 17
96 137 15
96 149 16
96 163 15
96 175 13
96 176 19
96 180 14
97 98 13
97 100 14
97 133 13
97 154 19
97 160 14
97 186 12
97 192 14
97 199 14
97 201 19
97 203 16
97 219 19
97 221 19
98 101 19
98 160 15
98 170 19
98 199 15
98 200 12
98 201 14
98 203 15
98 219 15
98 220 19
98 224 19
99 102 14
99 125 18
99 127 16
99 142 19
99 162 15
99 179 19
99 239 19
100 133 16
100 154 14
100 160 12
100 186 17
100 192 18
100 196 12
100 199 12
100 203 19
100 234 14
101 104 19
101 131 13
101 150 19
101 159 19
101 160 19
101 170 18
101 190 19
101 199 19
101 200 19
101 201 14
101 219 12
101 220 14
102 113 19
102 119 19
102 125 14
102 127 19
102 142 14
102 162 19
102 179 14
102 226 19
103 107 19
103 120 19
103 145 19
103 167 19
103 172 15
103 173 19
103 210 12
103 231 12
103 236 19
104 120 15
104 150 18
104 159 13
104 170 19
104 173 19
104 182 17
104 187 19
104 190 19
104 231 12
104 236 19
104 243 15
104 248 13
105 113 13
105 119 15
105 142 19
105 164 19
105 168 13
105 226 16
105 228 19
106 109 16
106 126 16
106 129 19
106 144 19
106 204 14
106 208 17
106 211 19
106 215 13
106 221 19
106 225 19
106 232 16
106 244 19
107 149 12
107 167 17
107 175 15
107 180 18
107 210 19
107 247 12
108 118 15
108 140 19
108 165 12
108 168 19
108 188 15
108 207 14
108 209 12
108 214 19
108 228 19
108 233 17
108 250 15
109 126 19
109 129 19
109 144 19
109 204 13
109 208 16
109 211 19
109 215 19
109 221 12
109 222 12
109 232 17
110 117 12
110 174 16
110 202 19
110 207 19
110 209 12
110 227 19
110 228 19
110 230 19
110 241 12
111 114 19
111 116 15
111 124 12
111 130 19
111 132 12
111 178 12
111 202 19
111 223 19
111 235 17
111 238 12
111 240 19
111 249 19
112 130 19
112 135 16
112 139 16
112 152 18
112 178 19
112 181 17
112 212 19
112 217 19
112 238 19
112 245 17
113 119 17
113 142 16
113 226 16
114 116 15
114 117 13
114 132 19
114 197 10
114 202 19
114 235 19
114 240 19
114 241 19
115 123 14
115 143 14
115 146 16
115 156 16
115 157 16
115 164 19
115 184 13
115 195 15
115 206 14
116 117 19
116 130 19
116 132 12
116 197 8
116 202 19
116 223 19
116 235 14
116 238 19
116 240 19
116 241 19
117 197 10
117 202 19
117 209 19
117 214 19
117 227 19
117 241 17
118 165 19
118 188 14
118 207 13
118 209 13
118 214 15
118 227 15
118 233 13
118 241 19
118 250 16
119 142 14
119 226 16
120 122 16
120 150 14
120 172 13
120 173 12
120 182 16
120 187 12
120 231 14
120 236 19
120 243 18
120 248 14
121 147 15
121 166 19
121 189 18
121 246 15
122 172 13
122 187 13
122 243 16
122 248 12
123 143 12
123 156 15
123 157 15
123 164 13
123 206 16
123 242 12
124 130 19
124 135 12
124 139 12
124 178 17
124 223 19
124 230 19
124 235 13
124 238 12
124 249 19
125 127 16
125 142 19
125 162 15
125 179 18
125 202 19
125 223 19
125 230 19
126 129 19
126 144 19
126 158 19
126 204 13
126 208 16
126 211 19
126 215 19
126 221 12
126 222 12
126 232 17
127 162 17
127 179 16
127 223 19
127 230 12
127 239 19
127 249 19
128 134 12
128 177 15
128 184 17
128 195 19
129 136 19
129 138 19
129 153 19
129 204 12
129 205 19
129 208 12
129 213 19
129 215 17
129 225 13
129 232 19
129 242 19
130 132 12
130 135 19
130 178 19
130 190 19
130 212 14
130 217 12
130 235 19
130 238 17
130 240 15
131 132 19
131 159 19
131 170 14
131 190 19
131 197 6
131 200 14
131 201 12
131 219 19
131 220 16
131 240 19
132 190 19
132 197 9
132 212 19
132 235 19
132 238 19
132 240 16
133 145 12
133 154 12
133 160 13
133 186 18
133 192 15
133 199 13
133 219 19
133 224 12
133 234 15
134 155 13
134 177 19
134 184 19
134 218 19
135 139 18
135 152 16
135 178 14
135 181 17
135 217 19
135 238 12
135 245 17
136 140 15
136 153 14
136 165 13
136 188 19
136 205 15
136 206 19
136 215 19
136 225 13
136 242 13
137 149 17
137 163 19
137 176 14
138 144 19
138 147 19
138 166 19
138 189 13
138 204 12
138 208 19
138 213 17
138 215 19
138 246 12
139 152 16
139 178 14
139 181 18
139 245 18
140 153 16
140 165 15
140 188 13
140 205 15
140 206 19
140 225 19
140 233 19
140 242 19
140 244 19
140 250 19
141 177 12
142 174 19
142 179 19
142 226 13
143 146 14
143 156 16
143 157 16
143 206 14
143 242 12
143 246 19
144 151 19
144 166 14
144 185 19
144 193 12
144 204 16
144 208 13
144 213 19
144 222 12
144 232 13
145 148 19
145 173 19
145 186 12
145 210 19
145 224 12
145 229 13
145 231 19
145 234 14
145 236 19
146 147 19
146 156 14
146 157 14
146 184 16
146 195 13
146 246 19
147 189 16
147 246 18
148 169 19
148 196 16
148 229 15
148 234 15
148 237 19
149 163 17
149 167 19
149 175 14
149 176 12
149 180 13
150 159 13
150 170 19
150 173 12
150 182 17
150 187 19
150 190 19
150 231 12
150 236 19
150 243 14
150 248 12
151 158 13
151 166 19
151 169 19
151 185 17
151 191 19
151 193 16
151 222 15
151 237 19
152 181 17
152 217 19
152 245 17
153 165 12
153 188 19
153 205 17
153 215 19
153 225 19
153 242 19
153 244 12
153 250 19
154 158 19
154 169 19
154 186 13
154 192 15
154 196 16
154 211 19
154 221 19
154 234 13
155 171 19
155 216 15
155 218 17
156 157 19
156 206 17
156 242 13
157 164 19
157 206 17
157 242 13
158 169 13
158 185 14
158 193 12
158 196 19
158 211 14
158 221 19
158 222 13
158 232 19
158 237 12
159 170 19
159 182 12
159 187 19
159 190 13
159 212 19
159 240 19
159 243 19
159 248 14
160 186 12
160 192 19
160 199 18
160 201 19
160 203 12
160 219 13
160 224 15
160 236 19
161 171 12
161 176 19
161 191 12
161 198 19
162 179 15
162 223 13
162 230 13
162 239 19
162 249 19
163 176 14
164 168 19
164 206 19
164 233 19
165 188 15
165 205 19
165 206 19
165 233 13
165 242 19
165 250 13
166 185 19
166 189 19
166 193 13
166 204 19
166 213 19
166 222 19
167 172 19
167 175 13
167 180 16
167 210 19
167 247 14
168 174 19
168 207 19
168 226 12
168 228 14
168 233 19
169 185 19
169 191 14
169 193 19
169 196 19
169 211 19
169 222 19
169 237 18
170 190 19
170 200 12
170 201 14
170 219 19
170 220 15
171 198 12
171 216 15
171 218 13
172 173 19
172 182 19
172 210 19
172 231 13
172 243 12
173 182 13
173 224 19
173 231 17
173 236 16
174 202 19
174 207 19
174 209 12
174 228 19
175 180 16
175 210 19
175 229 19
176 191 19
176 198 19
178 223 19
178 235 19
178 238 13
178 249 19
179 239 19
180 210 19
180 229 19
181 245 19
182 187 19
182 231 14
182 236 19
182 243 16
182 248 12
184 195 13
185 193 17
185 211 19
185 222 17
185 232 12
185 237 19
186 192 16
186 196 12
186 199 12
186 224 19
186 234 16
187 212 19
187 217 19
187 243 13
187 248 16
188 205 19
188 214 19
188 233 14
188 250 17
189 246 16
190 212 19
190 220 19
190 240 19
191 198 12
191 237 14
192 196 12
192 203 19
192 221 19
192 234 14
193 204 19
193 222 16
193 232 19
194 239 15
196 229 12
196 234 15
196 237 12
197 214 11
197 240 6
197 241 10
199 201 19
199 203 12
199 219 14
199 224 14
200 201 15
200 203 19
200 219 13
200 220 16
200 244 19
201 203 19
201 219 16
201 220 15
201 224 19
202 223 15
202 230 16
202 235 19
202 241 19
202 249 19
203 219 19
203 220 19
203 221 19
204 208 16
204 213 13
204 215 14
204 222 19
204 225 19
204 232 14
205 215 19
205 225 12
205 242 19
205 244 19
206 225 19
206 242 15
207 209 16
207 227 14
207 228 16
207 233 12
208 213 19
208 215 14
208 221 19
208 225 19
208 232 16
209 214 13
209 227 16
209 228 13
209 241 12
210 229 19
211 221 15
211 222 19
211 232 19
212 217 16
212 238 12
212 240 12
212 248 19
213 215 19
213 225 19
213 246 19
214 227 16
214 241 12
214 250 13
215 225 19
215 232 19
216 218 17
217 238 19
217 240 19
217 248 19
219 220 13
219 224 19
221 222 19
221 232 19
222 232 14
223 230 18
223 235 12
223 249 15
224 231 19
224 236 19
225 242 13
226 228 19
227 241 13
227 250 12
228 233 19
229 234 14
230 235 19
230 249 14
231 236 15
231 243 13
233 250 14
235 238 19
235 249 13
238 240 13
243 248 14
251 256 13
251 287 15
251 316 14
251 344 19
251 419 15
251 440 12
251 445 12
251 465 19
251 477 15
251 490 14
251 491 19
251 496 19
251 498 19
252 262 19
252 263 13
252 271 19
252 277 14
252 295 19
252 310 16
252 314 15
252 321 16
252 357 14
252 366 19
252 378 17
252 388 15
252 404 19
252 410 19
252 456 12
252 462 19
252 471 12
252 492 19
253 267 16
253 278 19
253 280 19
253 288 18
253 307 14
253 329 12
253 335 19
253 352 19
253 363 19
253 364 16
253 409 14
253 413 19
253 418 14
253 437 19
253 452 16
253 456 19
253 457 13
253 461 17
253 487 19
254 300 19
254 301 19
254 336 19
254 337 12
254 354 19
254 367 12
254 384 19
254 390 12
254 400 19
254 420 15
254 424 19
254 446 13
254 447 14
254 458 19
254 460 19
254 466 12
254 480 12
254 485 19
255 274 19
255 276 14
255 282 14
255 305 13
255 334 15
255 348 13
255 387 15
255 402 15
255 441 14
256 269 19
256 287 17
256 293 19
256 316 19
256 344 12
256 359 19
256 392 19
256 419 17
256 464 12
256 465 19
256 477 19
256 484 14
256 489 12
256 490 19
256 491 12
256 496 15
256 498 19
257 268 15
257 276 13
257 279 19
257 291 19
257 296 14
257 312 15
257 320 13
257 348 19
257 387 13
257 394 19
257 444 16
257 455 16
257 467 16
257 475 19
258 282 15
258 450 12
259 324 12
259 328 19
259 342 16
259 343 16
259 351 19
259 365 13
259 374 14
259 397 19
259 414 13
259 434 19
259 442 19
259 454 19
259 649 13
259 725 19
260 261 12
260 275 19
260 283 19
260 346 19
260 393 19
260 395 19
260 398 19
260 405 12
260 435 19
260 472 19
260 494 18
261 283 19
261 333 19
261 341 16
261 346 19
261 393 19
261 403 19
261 483 12
261 494 19
262 265 19
262 271 15
262 294 12
262 295 17
262 310 12
262 313 19
262 352 12
262 357 19
262 360 19
262 366 14
262 378 19
262 381 12
262 409 19
262 417 15
262 457 19
263 277 17
263 310 14
263 314 16
263 321 12
263 357 16
263 373 19
263 376 19
263 378 14
263 388 16
263 408 19
263 410 15
263 415 19
263 456 13
263 471 16
263 500 19
264 275 14
264 339 15
264 353 13
264 369 17
264 380 14
264 393 12
264 395 13
264 398 13
264 405 19
264 407 13
264 416 12
264 425 12
264 427 17
264 465 19
264 468 18
264 469 19
264 495 15
264 498 19
265 279 13
265 291 19
265 294 17
265 295 19
265 313 16
265 320 19
265 350 19
265 356 12
265 360 19
265 361 13
265 366 15
265 381 16
265 383 15
265 385 19
265 417 13
265 426 15
265 436 12
266 272 13
266 318 10
266 327 19
266 342 19
266 362 12
266 365 19
266 374 19
266 375 19
266 414 19
266 430 19
266 434 19
266 443 12
266 453 19
266 454 19
266 459 19
266 725 15
267 288 17
267 307 14
267 329 19
267 335 16
267 363 12
267 364 17
267 392 19
267 409 19
267 413 19
267 418 14
267 437 12
267 449 19
267 452 13
267 457 19
267 461 15
267 487 19
267 497 19
268 276 19
268 279 19
268 291 19
268 296 17
268 312 13
268 320 19
268 336 19
268 350 19
268 354 19
268 361 19
268 367 19
268 444 15
268 446 19
268 455 12
268 466 19
268 467 17
268 475 19
269 287 19
269 293 15
269 302 19
269 359 17
269 362 19
269 386 13
269 419 19
269 425 19
269 429 19
269 430 19
269 431 13
269 443 19
269 464 19
269 465 19
269 469 19
269 484 19
269 489 14
269 491 12
269 496 19
270 303 18
270 306 16
270 346 15
270 347 12
270 358 19
270 368 12
270 382 14
270 391 19
270 428 19
270 472 19
270 474 14
270 481 12
270 486 19
270 493 15
271 294 19
271 295 16
271 310 14
271 313 19
271 329 19
271 352 15
271 357 19
271 366 19
271 378 13
271 381 19
271 388 19
271 409 19
271 417 19
271 452 19
271 456 12
271 457 19
271 471 19
272 328 19
272 330 19
272 342 19
272 351 19
272 362 19
272 365 19
272 374 14
272 414 15
272 429 19
272 430 19
272 443 19
272 449 19
272 459 13
272 464 19
272 473 19
272 725 19
273 274 15
273 284 18
273 312 19
273 323 17
273 334 12
273 348 19
273 358 19
273 389 15
273 391 13
273 428 14
273 433 18
273 439 15
273 441 13
273 448 19
273 474 19
273 475 19
273 481 19
274 276 19
274 284 15
274 305 14
274 323 16
274 334 15
274 348 12
274 389 16
274 391 19
274 428 19
274 433 14
274 439 16
274 441 16
274 448 15
274 463 13
275 283 13
275 332 19
275 339 12
275 369 14
275 393 15
275 395 15
275 398 18
275 405 14
275 407 14
275 416 15
275 427 15
275 468 15
275 494 19
275 495 12
276 296 19
276 312 16
276 320 19
276 323 19
276 334 19
276 348 15
276 387 16
276 402 15
276 441 19
276 444 19
276 455 15
276 467 12
276 475 19
277 310 13
277 314 18
277 321 14
277 357 15
277 373 19
277 376 19
277 378 14
277 388 16
277 404 19
277 408 19
277 410 13
277 456 12
277 471 15
277 492 12
277 500 12
278 280 16
278 286 12
278 297 19
278 335 19
278 340 19
278 349 12
278 377 12
278 399 19
278 412 15
278 451 17
278 452 19
278 457 19
278 461 19
278 482 19
278 488 19
279 291 17
279 294 19
279 313 19
279 320 15
279 350 19
279 356 13
279 360 13
279 361 19
279 381 19
279 383 15
279 394 14
279 426 17
279 436 19
279 444 12
279 455 19
280 286 19
280 288 19
280 297 19
280 335 19
280 340 19
280 349 19
280 377 19
280 399 19
280 409 19
280 412 12
280 445 19
280 451 15
280 452 19
280 457 19
280 461 19
280 482 12
280 488 19
281 307 19
281 309 13
281 322 12
281 328 19
281 351 19
281 363 19
281 373 19
281 376 19
281 396 17
281 408 19
281 415 19
281 418 19
281 442 14
281 473 19
281 497 16
282 305 19
282 334 19
282 387 14
282 402 15
282 450 13
283 299 15
283 333 17
283 341 14
283 346 19
283 393 16
283 395 15
283 398 13
283 403 16
283 494 19
284 306 19
284 323 17
284 334 12
284 348 19
284 358 19
284 389 15
284 391 13
284 428 14
284 433 18
284 439 15
284 441 13
284 448 18
284 474 19
284 481 19
285 300 14
285 301 14
285 326 19
285 332 19
285 347 19
285 355 19
285 372 15
285 400 14
285 401 14
285 405 19
285 424 17
285 435 15
285 458 12
285 472 14
285 479 17
285 493 19
286 297 14
286 326 19
286 337 19
286 340 14
286 349 18
286 355 19
286 377 19
286 379 19
286 384 14
286 390 19
286 399 12
286 412 16
286 438 19
286 451 13
286 458 19
286 480 19
286 485 14
286 488 12
287 293 19
287 316 19
287 344 13
287 392 19
287 413 19
287 419 19
287 440 19
287 445 19
287 465 19
287 477 13
287 484 13
287 487 19
287 489 19
287 490 12
287 491 19
287 496 15
287 498 19
288 307 13
288 329 19
288 335 18
288 352 19
288 363 19
288 364 15
288 392 19
288 409 13
288 413 19
288 418 13
288 437 19
288 452 15
288 457 12
288 461 17
288 482 19
288 487 19
289 292 16
289 319 19
289 345 19
289 382 13
289 391 15
289 483 19
290 302 17
290 311 7
290 317 14
290 327 15
290 353 19
290 362 19
290 375 14
290 380 19
290 386 15
290 425 19
290 431 14
290 443 19
290 453 13
290 469 19
291 294 19
291 296 19
291 313 19
291 320 14
291 350 19
291 360 19
291 361 12
291 381 19
291 383 13
291 385 19
291 394 12
291 426 15
291 444 14
291 455 19
291 467 19
292 319 16
292 345 12
292 382 19
292 389 12
292 391 16
292 439 12
292 463 19
292 481 13
293 330 12
293 344 19
293 359 13
293 362 19
293 386 19
293 419 19
293 429 13
293 430 13
293 431 19
293 443 19
293 449 19
293 464 14
293 484 13
293 489 18
293 491 19
293 496 12
294 295 19
294 313 16
294 360 17
294 361 13
294 366 16
294 381 18
294 383 13
294 385 19
294 417 15
294 426 13
294 436 19
295 310 14
295 313 19
295 314 19
295 329 19
295 352 12
295 357 19
295 360 19
295 366 12
295 378 13
295 381 19
295 388 19
295 409 19
295 417 13
295 456 19
295 457 19
296 312 12
296 320 19
296 336 19
296 354 19
296 444 13
296 446 19
296 455 19
296 466 19
296 467 17
296 475 19
297 326 12
297 349 13
297 355 14
297 377 14
297 384 13
297 400 19
297 412 12
297 440 19
297 445 19
297 451 12
297 458 19
297 477 19
297 482 19
297 485 13
297 488 17
298 304 14
298 315 15
298 322 13
298 324 19
298 370 19
298 397 16
298 406 13
298 421 14
298 476 14
299 333 17
299 353 19
299 369 14
299 380 12
299 393 17
299 395 17
299 403 16
300 301 19
300 347 14
300 368 19
300 372 19
300 400 19
300 401 19
300 424 13
300 435 15
300 447 19
300 458 19
300 460 19
300 472 14
300 479 12
300 486 19
300 493 12
301 347 14
301 368 19
301 372 19
301 400 19
301 401 19
301 424 13
301 435 15
301 447 19
301 458 19
301 460 19
301 472 14
301 479 12
301 486 19
301 493 12
302 327 13
302 353 19
302 359 13
302 362 19
302 375 13
302 380 19
302 386 17
302 425 12
302 431 16
302 443 19
302 453 19
302 469 13
303 306 15
303 346 16
303 347 19
303 368 19
303 382 15
303 391 19
303 428 19
303 474 14
303 481 12
303 483 19
303 493 14
304 315 16
304 370 14
304 397 19
304 406 14
304 411 19
304 421 15
304 476 19
305 323 12
305 334 17
305 345 13
305 387 19
305 389 13
305 402 19
305 439 13
305 441 16
305 463 15
306 346 12
306 347 19
306 358 14
306 368 12
306 382 14
306 391 12
306 428 13
306 433 19
306 460 19
306 474 17
306 481 15
306 486 12
306 493 12
307 329 13
307 335 14
307 363 12
307 364 16
307 396 19
307 409 12
307 418 19
307 452 13
307 456 19
307 461 12
307 471 19
307 473 19
307 497 12
308 321 12
308 325 19
308 371 19
308 404 17
308 411 14
308 423 18
308 462 18
308 470 19
308 478 16
308 492 13
308 500 13
309 322 16
309 373 13
309 376 15
309 396 15
309 397 12
309 406 19
309 408 15
309 410 19
309 415 15
309 421 19
309 442 12
309 473 19
309 497 12
310 314 13
310 321 13
310 329 19
310 352 12
310 357 16
310 366 19
310 378 18
310 381 19
310 388 16
310 409 19
310 410 19
310 417 19
310 456 14
310 471 14
311 317 10
311 318 12
311 327 9
311 375 8
311 422 12
311 453 11
311 548 19
311 558 19
311 677 19
311 681 19
311 693 19
312 320 19
312 323 19
312 334 19
312 348 13
312 387 14
312 441 19
312 444 12
312 455 14
312 467 14
312 475 14
313 350 12
313 360 16
313 361 16
313 366 13
313 381 17
313 383 12
313 385 13
313 399 19
313 417 14
313 426 12
314 321 15
314 357 15
314 376 19
314 378 14
314 388 16
314 404 19
314 408 19
314 410 12
314 456 12
314 462 19
314 471 14
314 492 12
314 500 12
315 322 12
315 370 12
315 373 14
315 397 12
315 406 17
315 415 13
315 421 18
315 476 12
316 326 19
316 332 19
316 355 19
316 372 19
316 401 19
316 419 19
316 440 12
316 445 19
316 465 19
316 477 19
316 479 19
316 490 13
316 491 19
316 498 19
317 327 12
317 353 19
317 380 19
317 422 7
317 453 19
317 526 7
317 558 5
317 677 3
318 365 8
318 434 10
318 453 9
318 454 11
318 459 10
318 548 15
318 586 19
318 677 19
318 681 19
318 693 12
318 725 11
319 382 13
319 483 19
320 356 19
320 360 19
320 383 19
320 387 19
320 394 13
320 426 13
320 436 19
320 444 15
320 455 14
320 467 19
321 325 19
321 357 12
321 378 14
321 388 13
321 404 14
321 462 13
321 492 12
321 500 19
322 373 13
322 376 13
322 396 14
322 397 15
322 406 13
322 408 13
322 415 15
322 421 13
322 442 12
323 334 13
323 348 19
323 358 19
323 389 16
323 391 19
323 428 12
323 433 16
323 439 16
323 441 14
323 448 17
323 475 19
323 481 19
324 342 19
324 343 19
324 397 12
324 476 14
324 649 12
325 356 15
325 371 18
325 383 12
325 394 12
325 404 19
325 423 19
325 436 16
325 462 19
325 470 18
326 349 19
326 355 17
326 372 13
326 377 19
326 384 19
326 400 16
326 401 19
326 424 13
326 440 12
326 445 19
326 458 15
326 477 19
326 479 12
326 485 19
326 488 14
327 359 12
327 362 15
327 375 18
327 386 13
327 430 12
327 431 13
327 443 15
327 453 16
327 459 19
327 725 19
328 342 19
328 351 17
328 363 19
328 374 12
328 396 19
328 414 14
328 442 13
328 473 15
329 335 12
329 352 14
329 357 19
329 364 12
329 388 19
329 409 15
329 410 19
329 418 13
329 452 13
329 456 14
329 457 12
329 461 19
329 471 19
330 344 13
330 351 19
330 363 19
330 392 13
330 413 19
330 429 18
330 430 19
330 437 19
330 449 15
330 464 17
330 484 14
330 487 19
330 489 13
330 496 13
332 347 19
332 372 19
332 398 19
332 401 16
332 405 12
332 407 19
332 416 19
332 424 19
332 435 12
332 472 19
332 479 12
332 494 13
332 498 19
333 341 13
333 393 16
333 395 16
333 403 18
334 348 15
334 387 19
334 389 12
334 402 19
334 433 19
334 439 12
334 441 18
334 448 12
334 455 19
335 352 19
335 363 19
335 364 16
335 409 14
335 413 19
335 418 14
335 437 19
335 452 16
335 457 13
335 461 17
335 482 19
335 487 19
336 337 14
336 350 19
336 354 17
336 367 15
336 379 13
336 390 15
336 420 13
336 438 13
336 446 14
336 447 19
336 466 18
336 467 19
336 480 14
337 340 14
337 349 12
337 350 19
337 354 15
337 367 18
337 377 19
337 379 16
337 384 19
337 390 18
337 399 12
337 412 19
337 420 16
337 438 16
337 446 19
337 466 14
337 480 19
337 485 19
338 345 17
338 463 17
338 499 18
339 369 13
339 386 19
339 398 19
339 405 19
339 407 13
339 416 12
339 425 12
339 427 15
339 431 19
339 465 15
339 468 14
339 469 19
339 490 19
339 491 19
339 495 19
339 498 13
340 349 15
340 350 19
340 354 12
340 361 19
340 367 13
340 377 14
340 379 16
340 385 19
340 390 14
340 399 17
340 412 15
340 438 16
340 451 12
340 480 14
341 403 13
341 483 19
342 343 19
342 365 16
342 374 14
342 414 12
342 434 13
342 454 13
342 459 19
342 625 6
342 646 6
342 649 14
342 725 12
343 365 16
343 374 14
343 414 12
343 434 13
343 454 13
343 625 6
343 646 6
343 649 14
343 725 12
344 392 16
344 413 13
344 419 13
344 429 13
344 437 19
344 440 19
344 445 19
344 449 19
344 464 14
344 477 13
344 482 19
344 484 17
344 487 12
344 489 12
344 496 16
345 389 15
345 439 15
345 463 17
345 499 16
346 382 13
346 474 19
346 481 19
346 483 14
346 494 19
347 368 19
347 401 19
347 424 19
347 435 14
347 447 19
347 460 19
347 472 15
347 479 19
347 486 19
347 493 16
347 494 19
348 387 13
348 402 12
348 433 19
348 441 15
348 448 19
348 455 19
348 467 19
348 475 12
349 355 19
349 367 19
349 377 18
349 379 12
349 384 14
349 390 19
349 399 13
349 412 16
349 438 12
349 451 13
349 480 12
349 485 14
349 488 19
350 354 12
350 360 19
350 361 15
350 367 19
350 379 19
350 381 19
350 385 15
350 390 19
350 399 12
350 426 19
350 438 19
350 480 19
351 363 12
351 374 19
351 396 19
351 414 12
351 429 19
351 442 13
351 449 19
351 473 17
351 497 19
352 357 19
352 364 19
352 366 19
352 378 19
352 381 19
352 409 14
352 417 19
352 452 19
352 456 19
352 457 13
352 461 19
352 471 19
353 369 13
353 380 16
353 386 19
353 395 19
353 425 15
353 468 12
353 469 14
354 361 19
354 367 16
354 379 15
354 385 19
354 390 16
354 399 12
354 420 13
354 438 15
354 446 12
354 466 16
354 480 15
355 372 12
355 377 19
355 384 19
355 400 14
355 424 19
355 440 13
355 445 19
355 458 14
355 477 19
355 479 19
355 485 19
355 488 16
356 360 12
356 366 19
356 371 16
356 383 16
356 394 15
356 404 19
356 426 14
356 436 17
356 462 19
356 470 16
357 376 19
357 378 16
357 388 18
357 408 19
357 410 13
357 456 15
357 471 17
358 368 12
358 391 12
358 428 15
358 433 12
358 447 19
358 448 19
358 460 19
358 474 15
358 475 19
358 481 14
358 486 13
358 493 19
359 362 19
359 375 13
359 386 15
359 425 19
359 430 12
359 431 15
359 443 19
359 464 19
359 469 19
359 484 19
359 489 12
359 491 19
360 361 13
360 366 15
360 381 16
360 383 15
360 385 19
360 417 13
360 426 15
360 436 12
361 366 19
361 379 19
361 381 14
361 383 12
361 385 15
361 399 19
361 417 19
361 426 13
361 438 19
362 375 16
362 386 19
362 430 16
362 431 19
362 443 19
362 453 15
362 459 12
362 489 19
362 725 19
363 364 12
363 396 19
363 418 12
363 429 19
363 437 19
363 449 19
363 473 14
363 497 19
364 409 12
364 413 19
364 418 16
364 437 19
364 449 19
364 452 13
364 456 19
364 457 19
364 461 14
364 473 19
364 497 19
365 374 12
365 414 19
365 434 15
365 454 15
365 459 19
365 548 7
365 625 7
365 646 7
365 649 12
365 725 14
366 378 19
366 381 15
366 383 12
366 417 14
366 426 12
366 436 19
367 379 15
367 384 19
367 390 18
367 399 19
367 420 16
367 438 15
367 446 19
367 466 15
367 480 18
367 485 19
368 428 19
368 446 19
368 447 13
368 460 15
368 474 19
368 475 19
368 486 18
368 493 12
369 380 15
369 393 13
369 395 14
369 398 13
369 425 19
369 427 16
369 468 17
369 495 13
370 411 14
370 421 12
370 423 19
370 478 12
371 394 13
371 404 19
371 423 19
371 436 17
371 462 19
371 470 19
372 400 15
372 401 14
372 424 17
372 435 19
372 440 19
372 458 13
372 472 19
372 479 17
372 488 19
372 490 19
373 376 16
373 396 19
373 406 16
373 408 16
373 410 12
373 415 17
373 421 15
373 471 19
373 492 19
373 500 19
374 414 17
374 434 19
374 442 19
374 454 19
374 459 19
374 473 19
374 725 12
375 386 13
375 430 13
375 431 13
375 443 16
375 453 15
375 459 19
375 725 19
376 388 19
376 396 12
376 406 13
376 408 19
376 410 15
376 415 16
376 421 12
376 471 19
376 497 19
377 379 19
377 384 14
377 390 19
377 399 12
377 412 16
377 438 19
377 451 13
377 458 19
377 480 19
377 485 14
377 488 12
378 388 17
378 404 19
378 410 19
378 417 19
378 456 14
378 471 14
379 384 19
379 385 19
379 390 16
379 399 15
379 412 12
379 420 13
379 438 19
379 451 19
379 466 12
379 480 16
380 393 19
380 395 12
380 425 12
380 427 12
380 468 13
380 469 19
381 383 12
381 385 19
381 399 19
381 417 16
381 426 12
382 391 12
382 474 14
382 481 14
382 483 13
382 493 19
383 394 14
383 426 17
383 436 15
383 444 19
383 470 13
384 390 19
384 400 19
384 412 19
384 420 19
384 440 19
384 451 19
384 458 13
384 480 19
384 485 19
384 488 12
385 390 19
385 399 13
385 412 19
385 417 19
385 426 19
385 438 19
385 451 19
386 425 12
386 430 19
386 431 18
386 443 19
386 465 19
386 469 13
386 489 19
386 491 19
386 495 19
387 394 19
387 402 18
387 441 19
387 455 15
388 404 19
388 408 19
388 410 13
388 456 14
388 471 16
389 391 19
389 428 19
389 433 14
389 439 19
389 441 13
389 448 15
389 463 14
389 481 19
390 399 12
390 420 16
390 438 16
390 446 19
390 466 14
390 480 18
390 485 19
391 428 16
391 433 14
391 439 19
391 448 13
391 474 14
391 481 16
392 413 16
392 419 19
392 429 12
392 437 14
392 445 19
392 449 12
392 464 13
392 477 19
392 482 19
392 484 15
392 487 14
392 489 19
392 496 14
393 395 18
393 398 15
393 405 12
393 407 19
393 416 12
393 427 13
393 468 13
393 494 19
394 402 19
394 426 13
394 436 13
394 444 19
394 455 19
394 470 13
395 398 15
395 407 19
395 416 12
395 427 13
395 468 14
396 408 12
396 410 19
396 415 19
396 418 19
396 442 14
396 473 19
396 497 15
397 406 19
397 415 12
397 421 19
397 442 12
397 476 16
398 405 15
398 407 14
398 416 15
398 427 14
398 468 14
398 494 19
398 495 19
399 412 13
399 438 15
399 451 19
399 480 12
400 401 19
400 424 16
400 435 19
400 440 19
400 458 17
400 479 14
400 485 19
400 488 12
401 405 19
401 407 19
401 416 19
401 424 13
401 435 14
401 472 13
401 479 15
401 494 19
402 441 19
402 455 14
404 423 16
404 436 19
404 462 18
404 470 19
404 492 19
404 500 19
405 407 14
405 416 15
405 427 19
405 435 19
405 468 19
405 472 19
405 479 19
405 494 13
405 495 19
406 408 13
406 415 15
406 421 18
406 492 19
406 500 19
407 416 18
407 427 15
407 465 19
407 468 14
407 490 19
407 495 13
407 498 19
408 410 15
408 415 16
408 421 12
408 471 19
408 497 19
409 417 19
409 418 12
409 452 15
409 456 19
409 457 16
409 461 13
410 415 12
410 456 12
410 471 15
410 497 19
411 423 15
411 478 17
411 492 13
411 500 13
412 438 12
412 451 16
412 457 19
412 480 19
412 482 19
412 485 19
412 488 19
413 419 19
413 429 19
413 437 17
413 445 19
413 449 19
413 461 19
413 477 19
413 482 19
413 484 12
413 487 16
413 496 19
414 442 19
414 459 19
414 473 19
414 725 19
415 421 14
415 442 19
415 497 19
416 427 14
416 465 19
416 468 13
416 490 19
416 494 19
416 495 12
416 498 19
417 426 19
417 457 19
418 452 13
418 456 19
418 461 12
418 471 19
418 473 19
418 497 12
419 440 19
419 445 19
419 465 19
419 477 13
419 484 13
419 487 19
419 489 19
419 490 12
419 491 19
419 496 15
419 498 19
420 438 13
420 446 12
420 447 19
420 458 19
420 460 19
420 466 14
420 480 16
420 485 19
421 492 19
421 500 19
422 526 12
422 558 15
422 653 19
422 677 14
422 687 12
422 693 19
422 748 19
423 462 17
423 470 19
423 478 17
423 492 13
423 500 13
424 435 13
424 458 14
424 472 12
424 479 17
424 488 19
425 427 19
425 431 12
425 465 13
425 468 19
425 469 18
425 491 12
425 495 12
425 498 19
426 436 13
426 444 19
426 455 19
427 465 19
427 468 18
427 469 19
427 491 19
427 495 15
427 498 12
428 433 15
428 439 19
428 448 14
428 460 19
428 474 15
428 475 19
428 481 15
428 486 19
429 430 19
429 437 19
429 449 14
429 464 18
429 484 15
429 489 14
429 496 13
430 431 19
430 443 16
430 453 12
430 459 19
430 464 19
430 489 12
431 443 19
431 465 19
431 469 13
431 489 19
431 491 12
431 495 19
432 450 10
433 439 14
433 441 12
433 448 18
433 474 19
433 475 19
433 481 12
433 486 19
434 454 18
434 459 19
434 548 10
434 586 9
434 625 8
434 646 9
434 681 7
434 693 7
434 725 12
435 460 19
435 472 18
435 479 13
435 493 19
435 494 19
436 462 19
436 470 17
437 445 19
437 449 12
437 452 19
437 461 19
437 477 19
437 482 19
437 484 19
437 487 15
437 496 19
438 451 19
438 466 12
438 480 16
439 441 13
439 448 15
439 463 14
440 445 15
440 458 19
440 477 13
440 482 19
440 485 19
440 487 19
440 488 12
440 490 19
441 448 13
441 475 19
442 473 12
442 497 19
443 453 15
443 459 12
443 725 19
444 455 15
444 467 14
444 475 19
445 477 15
445 482 19
445 487 19
445 488 19
446 447 13
446 460 19
446 466 15
446 467 19
446 475 19
446 480 19
446 486 19
447 460 15
447 466 19
447 486 13
447 493 19
448 474 19
448 481 19
449 464 13
449 473 19
449 484 19
449 489 19
451 452 19
451 457 19
451 461 19
451 482 19
451 485 19
451 488 19
452 457 16
452 461 17
452 482 19
453 459 19
453 548 5
453 725 19
454 459 19
454 548 11
454 586 8
454 625 7
454 646 8
454 681 7
454 693 8
454 725 13
455 467 13
455 475 19
456 457 19
456 471 16
457 461 14
457 482 19
458 479 12
458 485 13
458 488 12
459 725 15
460 466 19
460 472 19
460 486 15
460 493 12
461 482 19
461 487 19
462 470 19
462 478 15
462 492 12
462 500 12
463 499 16
464 484 16
464 489 15
464 496 14
465 468 19
465 469 13
465 490 19
465 491 15
465 495 15
465 498 16
466 467 19
466 480 14
467 475 19
468 469 19
468 495 14
468 498 19
469 491 13
469 495 19
469 498 19
472 479 12
472 493 12
472 494 19
473 497 19
474 481 17
474 486 19
474 493 19
475 486 19
476 649 19
477 482 19
477 484 19
477 487 19
477 488 19
477 490 19
477 496 12
478 492 15
478 500 15
480 485 19
482 487 12
482 488 19
484 487 19
484 489 14
484 496 17
485 488 12
486 493 19
487 496 19
489 491 19
489 496 13
490 491 19
490 495 19
490 496 19
490 498 13
491 495 19
491 496 19
491 498 12
492 500 18
493 494 19
495 498 13
501 519 13
501 567 19
501 572 14
501 597 19
501 620 12
501 629 12
501 639 14
501 657 14
501 676 15
501 682 13
501 700 19
501 708 19
501 731 19
502 516 19
502 522 12
502 543 17
502 547 13
502 550 19
502 553 19
502 559 16
502 560 19
502 579 19
502 591 18
502 601 12
502 605 19
502 615 15
502 669 19
502 722 19
502 727 16
502 742 17
502 744 12
503 510 13
503 515 19
503 519 19
503 532 19
503 542 19
503 549 19
503 580 17
503 582 16
503 614 12
503 629 13
503 639 15
503 658 13
503 670 14
503 676 14
503 682 19
503 683 19
503 703 13
503 704 15
503 720 12
503 737 19
504 517 13
504 531 12
504 568 19
504 613 19
504 621 15
504 687 19
504 716 19
504 723 15
504 729 14
504 748 19
505 527 19
505 529 19
505 554 19
505 556 19
505 571 19
505 588 13
505 596 16
505 612 14
505 645 16
505 667 19
505 690 15
505 713 19
505 719 13
505 728 19
505 734 19
505 750 19
506 507 17
506 594 17
506 603 15
506 604 14
507 567 15
507 594 16
507 603 14
507 620 15
507 661 13
507 702 16
507 708 16
507 724 19
508 520 19
508 523 19
508 540 19
508 564 19
508 566 13
508 577 13
508 595 19
508 623 14
508 631 19
508 635 19
508 659 19
508 663 19
508 694 15
508 695 19
508 701 16
508 705 18
508 707 19
508 717 19
508 726 12
508 747 14
509 518 14
509 527 12
509 529 13
509 530 19
509 554 14
509 588 12
509 606 19
509 612 19
509 633 19
509 638 13
509 647 13
509 667 13
509 686 13
509 690 12
509 692 19
509 719 12
509 728 14
509 736 17
510 515 19
510 542 15
510 549 19
510 575 14
510 580 14
510 582 13
510 592 19
510 614 19
510 629 19
510 655 19
510 658 12
510 668 19
510 670 19
510 688 19
510 696 19
510 703 12
510 704 15
510 720 15
510 737 13
511 533 19
511 535 13
511 541 14
511 556 12
511 571 13
511 585 19
511 590 19
511 596 19
511 599 19
511 643 12
511 664 19
511 734 19
511 743 19
511 749 19
511 750 15
512 539 19
512 562 14
512 578 19
512 585 19
512 618 13
512 627 14
512 640 17
512 642 19
512 661 19
512 678 19
512 691 19
512 724 19
513 534 17
513 536 13
513 540 19
513 545 19
513 546 13
513 557 16
513 589 19
513 598 19
513 626 12
513 644 16
513 650 12
513 651 12
513 652 12
513 659 19
513 660 19
513 697 19
513 714 19
513 715 19
513 726 19
514 535 14
514 538 19
514 556 14
514 574 13
514 643 12
514 673 15
514 710 15
514 734 16
514 735 14
514 750 12
515 542 19
515 543 19
515 547 13
515 550 19
515 601 19
515 614 13
515 615 19
515 658 15
515 668 15
515 683 13
515 696 19
515 704 12
515 720 19
515 722 19
515 744 19
516 521 19
516 525 19
516 547 19
516 550 15
516 553 16
516 579 17
516 593 19
516 601 12
516 602 12
516 608 12
516 615 19
516 616 19
516 634 19
516 665 14
516 685 17
516 696 19
516 733 12
516 739 14
516 742 19
517 524 19
517 531 19
517 568 13
517 570 12
517 610 14
517 611 12
517 621 12
517 624 13
517 706 19
517 711 19
517 716 12
517 723 12
517 729 19
518 588 12
518 600 15
518 622 15
518 625 19
518 638 19
518 646 19
518 647 18
518 667 14
518 686 15
518 698 13
518 719 12
518 736 13
519 532 18
519 549 16
519 567 17
519 576 15
519 582 12
519 620 18
519 629 16
519 639 12
519 655 19
519 657 18
519 661 12
519 670 14
519 676 13
519 682 18
519 702 15
519 703 19
519 708 17
520 527 19
520 530 13
520 564 16
520 606 12
520 623 19
520 633 14
520 663 19
520 692 12
520 694 19
520 695 17
520 701 12
520 705 12
520 707 19
520 717 14
520 728 19
520 730 14
521 523 19
521 525 19
521 593 19
521 602 16
521 608 13
521 616 19
521 662 19
521 665 14
521 674 19
521 679 14
521 684 12
521 685 19
521 715 19
521 733 19
521 739 13
521 746 12
522 543 19
522 559 14
522 560 18
522 591 13
522 605 13
522 617 13
522 628 19
522 634 19
522 666 19
522 706 19
522 727 12
522 732 19
522 741 19
522 742 14
523 534 19
523 545 19
523 566 12
523 577 16
523 602 19
523 626 13
523 659 16
523 662 12
523 663 19
523 679 19
523 684 12
523 694 19
523 701 12
523 705 19
523 715 19
523 726 15
523 747 15
524 531 13
524 568 14
524 605 14
524 610 19
524 611 13
524 617 14
524 624 19
524 628 16
524 666 16
524 680 18
524 706 19
524 709 17
524 716 14
524 732 12
524 738 16
524 741 18
525 570 19
525 602 19
525 608 14
525 610 12
525 611 19
525 616 18
525 619 19
525 624 19
525 634 12
525 665 19
525 674 12
525 712 19
525 732 19
525 733 17
525 739 19
525 746 19
526 558 13
526 613 19
526 748 13
527 529 18
527 530 12
527 554 16
527 564 19
527 588 19
527 606 12
527 612 14
527 633 13
527 645 19
527 690 12
527 695 19
527 713 19
527 717 19
527 728 17
527 730 13
527 736 12
528 544 19
528 555 14
528 561 12
528 565 17
528 581 13
528 584 15
528 595 12
528 619 19
528 623 19
528 631 12
528 635 12
528 653 19
528 675 12
528 687 19
528 707 19
528 711 12
528 712 19
528 729 19
529 530 12
529 554 17
529 588 19
529 606 12
529 612 13
529 633 13
529 645 19
529 667 19
529 690 13
529 695 19
529 713 19
529 728 17
529 730 13
529 736 13
530 544 19
530 554 19
530 564 16
530 606 18
530 633 17
530 638 13
530 692 18
530 695 14
530 707 19
530 717 19
530 728 14
530 730 14
530 736 13
531 568 16
531 613 16
531 680 14
531 706 13
531 709 15
531 716 18
531 738 16
531 748 14
532 549 17
532 567 17
532 576 16
532 578 19
532 580 19
532 582 12
532 620 17
532 629 15
532 639 19
532 655 12
532 657 17
532 661 13
532 670 14
532 676 12
532 682 17
532 702 16
532 703 12
532 708 16
533 537 12
533 552 19
533 571 19
533 589 14
533 590 17
533 599 12
533 630 13
533 636 16
533 648 14
533 689 13
533 718 19
533 721 16
533 743 14
533 750 19
534 536 13
534 540 19
534 545 13
534 546 19
534 552 19
534 557 14
534 589 19
534 626 13
534 644 16
534 650 13
534 651 19
534 652 19
534 659 19
534 660 19
534 663 19
534 714 19
534 715 19
534 726 19
535 538 13
535 541 12
535 556 13
535 571 19
535 574 16
535 643 16
535 664 19
535 673 14
535 734 13
535 735 16
535 749 19
535 750 13
536 545 19
536 546 19
536 552 19
536 557 14
536 589 13
536 626 19
536 636 12
536 641 12
536 644 16
536 648 19
536 650 15
536 651 16
536 652 17
536 660 15
536 697 12
536 714 12
536 718 12
536 721 12
537 540 19
537 545 19
537 552 18
537 589 15
537 590 12
537 630 18
537 636 14
537 648 16
537 650 15
537 689 18
537 713 19
537 714 17
537 721 14
538 573 13
538 574 16
538 607 18
538 642 19
538 643 15
538 673 13
538 699 17
538 735 15
539 541 19
539 573 14
539 585 15
539 618 13
539 627 15
539 640 19
539 642 16
539 643 19
539 664 13
539 749 15
540 545 15
540 552 19
540 577 19
540 626 19
540 644 19
540 650 19
540 659 12
540 663 16
540 689 19
540 695 19
540 701 19
540 705 19
540 714 19
540 717 19
540 726 14
540 747 19
541 556 19
541 574 12
541 585 13
541 599 19
541 642 12
541 643 13
541 664 16
541 743 19
541 749 14
541 750 19
542 575 16
542 580 19
542 582 19
542 592 12
542 598 19
542 609 19
542 654 19
542 658 19
542 668 19
542 688 19
542 696 19
542 703 19
542 704 13
542 720 16
542 737 14
543 547 14
543 553 19
543 559 15
543 560 19
543 591 16
543 601 12
543 615 16
543 669 19
543 722 13
543 727 15
543 742 15
543 744 14
544 561 19
544 564 19
544 565 19
544 586 19
544 606 12
544 638 12
544 672 19
544 692 12
544 707 13
544 736 19
545 552 12
545 577 19
545 626 12
545 630 19
545 644 19
545 650 12
545 659 19
545 663 13
545 689 19
545 701 19
545 714 13
545 717 19
545 726 19
546 557 16
546 592 19
546 598 12
546 609 19
546 626 19
546 644 19
546 651 12
546 652 12
546 660 12
546 662 19
546 684 19
546 697 12
546 715 19
546 740 19
547 550 12
547 553 12
547 579 19
547 591 12
547 601 14
547 614 19
547 615 17
547 658 19
547 668 15
547 683 19
547 685 19
547 696 19
547 704 19
547 722 13
547 742 12
547 744 14
548 561 19
548 581 19
548 586 19
548 653 19
548 672 19
548 677 19
548 681 15
548 687 19
548 693 16
548 725 7
549 567 15
549 576 16
549 578 19
549 580 19
549 582 13
549 620 15
549 629 15
549 639 19
549 655 14
549 657 15
549 661 12
549 670 15
549 682 16
549 702 14
549 703 14
549 737 19
550 553 14
550 579 14
550 593 13
550 601 16
550 602 19
550 608 19
550 615 19
550 665 19
550 668 19
550 685 16
550 696 12
550 739 12
550 742 19
550 744 19
551 569 16
551 583 12
551 632 15
551 671 14
551 745 13
552 589 15
552 590 19
552 630 17
552 636 13
552 644 12
552 648 15
552 650 15
552 652 19
552 663 19
552 689 17
552 713 19
552 714 17
552 721 13
553 579 17
553 591 19
553 593 19
553 601 15
553 608 19
553 615 19
553 616 19
553 634 19
553 665 19
553 668 19
553 685 16
553 696 19
553 733 19
553 739 19
553 742 19
554 588 12
554 606 19
554 612 12
554 633 12
554 645 19
554 667 19
554 686 19
554 690 14
554 692 19
554 713 19
554 728 16
554 730 12
554 736 14
555 561 19
555 565 12
555 581 14
555 584 15
555 621 19
555 653 16
555 677 12
555 681 19
555 687 15
555 693 19
555 711 12
555 723 19
555 729 19
556 571 14
556 574 19
556 590 19
556 596 13
556 643 19
556 645 19
556 690 19
556 734 16
556 750 16
557 598 19
557 626 19
557 641 19
557 644 14
557 650 19
557 651 14
557 652 14
557 659 19
557 660 13
557 684 19
557 697 12
557 715 19
557 740 19
558 653 19
558 677 14
558 687 12
558 748 19
559 560 14
559 591 16
559 605 19
559 615 12
559 617 19
559 628 19
559 669 19
559 722 19
559 727 17
559 742 15
559 744 19
560 579 19
560 591 12
560 605 13
560 617 13
560 628 19
560 634 19
560 666 19
560 706 19
560 727 12
560 732 12
560 741 19
560 742 13
561 565 19
561 581 16
561 586 19
561 653 19
561 672 19
561 681 13
561 687 19
561 693 19
561 707 19
562 576 19
562 578 13
562 618 19
562 627 19
562 640 13
562 655 19
562 661 12
562 691 13
562 724 14
563 587 13
563 637 13
564 606 15
564 623 19
564 633 16
564 692 15
564 694 19
564 695 14
564 701 19
564 705 19
564 707 12
564 717 19
564 728 19
564 730 14
564 736 19
565 581 19
565 584 13
565 595 14
565 619 19
565 623 12
565 631 14
565 635 14
565 653 19
565 675 12
565 694 19
565 707 19
565 711 19
565 712 19
566 577 14
566 595 12
566 619 19
566 623 13
566 631 12
566 635 12
566 659 19
566 675 19
566 684 19
566 694 14
566 701 12
566 705 12
566 726 12
566 746 19
566 747 15
567 576 15
567 620 18
567 629 14
567 657 16
567 661 14
567 682 16
567 702 17
567 708 18
568 610 19
568 611 19
568 621 19
568 624 19
568 666 19
568 680 14
568 706 14
568 709 15
568 716 17
568 723 19
568 729 19
568 738 15
568 741 13
569 583 15
569 628 19
569 632 12
569 671 19
569 745 19
570 584 19
570 608 19
570 610 14
570 611 19
570 616 19
570 619 12
570 621 12
570 624 19
570 674 13
570 675 19
570 711 12
570 712 12
570 723 12
570 729 19
570 733 19
570 746 19
571 590 12
571 596 13
571 612 19
571 645 19
571 690 19
571 734 19
571 750 14
572 597 14
572 639 13
572 657 19
572 669 19
572 676 13
572 700 12
572 731 12
572 745 19
573 574 19
573 627 12
573 640 19
573 642 16
573 643 12
573 664 13
573 699 15
573 735 19
573 749 12
574 642 19
574 643 18
574 664 19
574 673 14
574 734 19
574 735 17
574 750 19
575 578 19
575 580 19
575 582 19
575 592 19
575 598 19
575 609 19
575 654 19
575 655 19
575 670 19
575 688 13
575 691 19
575 703 12
575 704 19
575 720 13
575 737 17
576 578 12
576 582 19
576 620 14
576 629 12
576 655 14
576 657 14
576 661 15
576 670 12
576 682 14
576 691 19
576 702 15
576 703 12
576 708 14
576 737 19
577 623 19
577 626 12
577 631 19
577 659 15
577 662 19
577 663 12
577 684 19
577 694 19
577 701 15
577 705 14
577 715 19
577 717 19
577 726 16
577 747 18
578 618 19
578 654 19
578 655 16
578 661 19
578 678 19
578 688 12
578 691 15
578 703 13
578 737 12
579 591 19
579 593 19
579 601 13
579 602 19
579 608 19
579 615 19
579 616 19
579 634 19
579 665 12
579 685 16
579 696 19
579 733 19
579 739 12
579 742 19
580 582 17
580 614 19
580 629 13
580 639 14
580 655 19
580 658 12
580 670 15
580 676 13
580 682 19
580 683 19
580 703 14
580 704 15
580 720 12
580 737 19
581 584 19
581 586 19
581 653 14
581 672 19
581 677 19
581 681 14
581 687 13
581 693 12
582 629 15
582 639 13
582 655 13
582 658 19
582 670 17
582 676 12
582 682 13
582 703 16
582 704 13
582 720 19
582 737 12
583 587 8
583 632 19
584 595 19
584 619 13
584 621 12
584 631 19
584 635 19
584 653 12
584 675 13
584 687 19
584 711 16
584 712 13
584 723 12
584 729 13
585 599 13
585 618 12
585 627 12
585 642 13
585 656 19
585 664 14
585 678 19
585 743 19
585 749 16
586 600 19
586 622 19
586 625 19
586 638 19
586 646 19
586 672 15
586 681 19
586 693 19
587 637 19
588 596 12
588 612 19
588 645 14
588 647 19
588 667 17
588 686 16
588 690 15
588 698 15
588 719 18
588 728 19
588 734 19
588 736 19
589 590 12
589 630 16
589 636 17
589 641 19
589 644 19
589 648 16
589 650 15
589 651 12
589 652 13
589 660 19
589 689 16
589 714 14
589 721 17
589 743 12
590 599 19
590 630 13
590 636 14
590 648 14
590 689 13
590 721 14
590 743 12
590 750 19
591 601 19
591 605 19
591 615 14
591 669 19
591 722 19
591 727 16
591 742 18
591 744 19
592 593 19
592 598 19
592 609 15
592 654 19
592 679 19
592 688 19
592 696 19
592 697 19
592 720 19
592 737 19
593 601 19
593 602 13
593 609 19
593 662 19
593 665 14
593 668 19
593 679 12
593 684 19
593 685 13
593 696 13
593 715 19
593 720 19
593 739 16
594 603 13
594 604 16
594 702 13
594 724 12
595 619 13
595 623 15
595 631 19
595 635 19
595 674 19
595 675 15
595 694 14
595 705 19
595 707 19
595 711 12
595 712 13
595 747 19
596 612 19
596 645 17
596 667 19
596 690 13
596 719 12
596 734 13
596 750 19
597 614 13
597 639 19
597 669 13
597 671 19
597 676 19
597 683 14
597 700 15
597 722 19
597 731 16
597 744 19
597 745 19
598 609 19
598 641 19
598 651 19
598 652 19
598 654 12
598 660 19
598 688 19
598 697 14
598 737 19
598 740 12
599 636 12
599 641 12
599 648 19
599 656 12
599 660 19
599 678 19
599 718 13
599 721 12
599 740 19
599 743 17
599 749 19
600 622 16
600 625 14
600 646 13
600 647 16
600 649 4
600 686 19
600 698 19
601 609 19
601 615 13
601 665 19
601 668 19
601 685 13
601 696 13
601 739 19
601 742 19
601 744 19
602 608 16
602 616 12
602 662 19
602 665 17
602 674 19
602 679 12
602 684 19
602 685 12
602 715 19
602 733 13
602 739 16
602 746 19
603 708 13
605 611 19
605 617 18
605 624 19
605 628 15
605 634 19
605 666 16
605 680 13
605 706 14
605 709 12
605 727 19
605 732 12
605 741 15
605 742 19
606 633 16
606 638 14
606 672 19
606 692 19
606 695 13
606 707 19
606 728 14
606 730 13
606 736 13
607 673 14
607 699 16
608 616 15
608 634 19
608 665 16
608 674 19
608 679 19
608 685 12
608 712 19
608 733 15
608 739 14
608 746 12
609 662 19
609 679 19
609 696 19
609 715 19
609 720 19
609 737 19
609 739 19
610 611 14
610 616 19
610 619 19
610 624 16
610 634 19
610 666 19
610 674 19
610 712 19
610 716 19
610 723 19
610 729 19
610 732 19
610 733 19
611 616 19
611 617 19
611 624 17
611 634 19
611 666 13
611 674 19
611 706 13
611 716 19
611 732 14
611 733 19
611 741 13
612 645 12
612 690 14
612 713 14
612 728 12
612 730 19
613 680 15
613 709 16
613 716 15
613 738 17
613 748 13
614 615 19
614 639 19
614 658 17
614 668 19
614 676 19
614 683 18
614 704 14
614 720 19
614 722 19
614 731 19
614 744 19
615 658 19
615 668 13
615 683 19
615 685 19
615 722 14
615 727 12
615 742 14
615 744 15
616 619 19
616 624 19
616 634 12
616 665 12
616 674 12
616 685 19
616 712 19
616 733 17
616 739 19
616 746 19
617 628 16
617 666 15
617 680 13
617 706 14
617 709 12
617 727 19
617 732 19
617 738 19
617 741 15
618 627 13
618 654 19
618 656 19
618 664 19
618 678 13
618 688 19
618 691 19
618 740 19
618 749 19
619 623 19
619 631 13
619 635 13
619 674 14
619 675 17
619 694 19
619 711 15
619 712 19
619 729 19
619 746 19
620 629 15
620 657 17
620 661 13
620 670 13
620 676 12
620 682 17
620 702 16
620 708 18
621 653 19
621 687 19
621 711 12
621 716 19
621 723 19
621 729 18
622 625 13
622 638 13
622 646 12
622 647 16
622 667 19
622 672 12
622 686 19
622 698 19
623 631 15
623 635 15
623 675 19
623 694 18
623 701 19
623 705 13
623 707 12
623 712 19
623 747 19
624 634 19
624 666 19
624 674 19
624 706 19
624 716 19
624 732 12
624 733 19
624 741 19
625 646 17
625 647 19
625 649 8
625 672 19
626 644 19
626 650 19
626 659 16
626 662 12
626 663 19
626 679 19
626 684 12
626 701 19
626 715 13
626 726 13
626 747 19
627 640 15
627 642 14
627 664 19
627 724 19
627 749 12
628 666 16
628 680 15
628 706 16
628 709 14
628 716 19
628 732 19
628 738 13
628 741 16
629 639 15
629 655 19
629 657 16
629 658 19
629 670 17
629 676 15
629 682 17
629 703 13
629 704 19
630 636 15
630 648 17
630 650 15
630 689 19
630 713 19
630 714 16
630 721 15
630 743 19
631 635 19
631 674 19
631 675 15
631 694 14
631 701 19
631 705 19
631 707 19
631 711 12
631 712 13
631 746 19
631 747 19
632 671 18
632 700 12
632 745 17
633 692 16
633 695 16
633 701 19
633 707 19
633 713 19
633 717 12
633 728 14
633 730 16
633 736 19
634 665 19
634 666 19
634 685 19
634 732 15
634 733 14
634 741 19
635 674 19
635 675 15
635 694 14
635 707 19
635 711 12
635 712 13
636 641 12
636 648 17
636 650 13
636 651 19
636 652 12
636 660 19
636 689 15
636 714 12
636 718 13
636 721 19
636 743 14
638 647 19
638 672 12
638 686 19
638 692 14
638 728 19
638 736 15
639 657 13
639 658 19
639 670 14
639 676 18
639 682 13
639 683 19
639 703 19
639 704 19
640 642 19
640 661 19
640 724 19
641 651 15
641 652 14
641 654 19
641 656 15
641 660 16
641 678 19
641 697 15
641 718 18
641 721 12
641 740 16
641 743 19
642 643 19
642 664 15
642 749 15
643 664 12
643 734 19
643 735 16
643 749 19
643 750 19
644 648 19
644 650 15
644 651 13
644 652 14
644 659 19
644 660 12
644 663 19
644 697 19
644 714 13
644 721 19
645 667 12
645 686 19
645 690 15
645 719 14
645 734 19
645 750 19
646 647 19
646 649 8
646 672 19
647 667 13
647 672 19
647 686 14
647 698 13
647 719 19
647 736 12
648 650 14
648 651 19
648 652 19
648 660 19
648 689 17
648 713 19
648 714 14
648 721 17
648 743 12
650 651 12
650 652 13
650 660 19
650 689 15
650 714 16
650 721 13
651 652 18
651 656 19
651 660 18
651 697 15
651 718 14
651 721 19
651 740 14
652 660 17
652 697 14
652 714 19
652 718 13
652 721 12
652 740 13
653 677 15
653 681 19
653 687 18
653 693 19
653 723 19
653 729 19
654 655 19
654 656 19
654 678 14
654 688 14
654 691 12
654 697 19
654 718 19
654 737 19
654 740 19
655 661 19
655 670 13
655 682 19
655 688 19
655 691 12
655 703 16
655 737 13
656 660 12
656 678 15
656 688 19
656 691 19
656 697 13
656 718 14
656 740 16
656 743 19
657 670 14
657 676 14
657 682 18
657 702 14
657 708 16
658 668 12
658 670 19
658 676 19
658 683 16
658 696 19
658 704 16
658 720 13
658 722 19
658 744 19
659 662 12
659 663 12
659 679 19
659 684 12
659 701 19
659 705 19
659 715 12
659 726 16
659 747 14
660 697 15
660 718 15
660 721 19
660 740 15
661 691 19
661 702 15
661 708 13
661 724 16
662 665 19
662 679 13
662 684 18
662 715 18
662 739 19
662 747 19
663 695 19
663 701 13
663 705 12
663 714 19
663 717 13
663 726 14
663 730 19
663 747 19
664 749 17
665 679 19
665 684 19
665 685 14
665 715 19
665 733 13
665 739 17
665 746 19
666 680 15
666 706 16
666 709 14
666 716 19
666 732 13
666 741 17
667 686 18
667 690 13
667 698 17
667 719 17
667 734 19
667 736 19
668 683 19
668 685 19
668 696 14
668 704 19
668 720 19
668 722 19
668 744 19
669 671 15
669 683 19
669 700 15
669 722 16
669 727 19
669 731 15
669 744 15
669 745 15
670 676 14
670 682 15
670 703 15
670 704 19
670 737 19
671 700 13
671 727 19
671 731 19
671 745 18
672 681 19
672 692 19
672 693 19
673 710 13
673 735 16
674 675 12
674 711 19
674 712 14
674 733 19
674 746 13
675 694 19
675 711 14
675 712 17
675 729 19
675 746 19
676 682 13
676 683 19
676 704 19
677 681 19
677 687 16
677 693 19
678 688 19
678 691 19
678 697 19
678 718 19
678 740 12
679 684 13
679 685 19
679 696 19
679 715 13
679 739 12
679 746 19
680 706 18
680 709 18
680 716 15
680 738 17
680 741 17
681 687 19
681 693 17
682 702 14
682 703 12
682 708 16
683 704 13
683 720 19
683 722 19
683 731 12
683 744 19
684 715 17
684 726 19
684 739 19
684 746 19
684 747 19
685 696 19
685 733 19
685 739 14
685 742 19
686 690 13
686 698 17
686 719 16
686 736 19
687 693 19
687 723 19
687 729 19
688 691 15
688 697 19
688 703 19
688 737 14
688 740 19
689 713 19
689 714 16
689 721 15
689 743 19
690 713 19
690 719 15
690 728 19
690 736 19
691 703 19
691 737 19
692 695 13
692 707 19
692 728 14
692 730 13
692 736 13
694 701 12
694 705 14
694 707 19
694 712 19
694 726 19
694 747 19
695 701 19
695 705 19
695 707 19
695 713 19
695 717 15
695 726 19
695 728 19
695 730 16
696 704 19
696 720 19
696 739 19
697 718 14
697 740 16
698 710 19
698 719 15
700 722 12
700 731 17
700 745 14
701 705 17
701 717 12
701 726 14
701 747 15
702 708 16
702 724 13
703 704 19
703 737 14
704 720 16
704 737 19
705 707 19
705 717 19
705 726 13
705 747 15
706 709 17
706 716 14
706 732 12
706 738 16
706 741 18
709 716 16
709 738 18
709 741 16
710 735 19
711 712 15
711 723 12
711 729 13
712 729 19
712 746 19
713 714 19
713 717 19
713 728 19
713 730 19
714 717 19
714 721 12
715 726 19
715 739 19
715 747 19
716 723 19
716 729 19
716 738 16
716 741 13
717 726 19
717 728 19
717 730 13
717 747 19
718 721 13
718 740 15
718 743 12
719 734 19
720 737 19
721 743 14
722 727 19
722 731 13
722 742 19
722 744 18
723 729 18
726 747 15
727 731 19
727 742 15
727 744 19
728 730 14
728 736 14
730 736 19
731 744 12
731 745 12
732 733 19
732 741 12
733 739 19
733 746 19
734 735 19
734 750 13
738 741 15
738 748 19
742 744 19
