1 7 13
2 4 24
2 5 25
2 15 19
2 27 20
2 29 25
2 33 19
2 34 27
2 39 25
2 49 22
2 63 27
2 66 21
2 90 22
2 93 20
2 99 26
2 130 9
2 140 20
2 150 10
2 152 26
2 185 25
2 187 21
3 13 15
3 15 14
3 23 22
3 27 23
3 28 25
3 29 17
3 34 17
3 39 18
3 42 14
3 43 25
3 47 21
3 49 22
3 52 20
3 57 16
3 61 24
3 63 17
3 65 21
3 66 19
3 68 14
3 73 17
3 74 24
3 90 17
3 99 16
3 117 23
3 133 26
3 140 18
3 181 13
3 194 19
3 195 15
3 270 19
4 5 20
4 6 11
4 27 21
4 28 17
4 29 21
4 34 22
4 39 21
4 43 17
4 49 20
4 63 22
4 74 17
4 90 27
4 99 21
4 115 10
4 130 14
4 131 15
4 140 25
4 150 13
4 152 21
4 166 13
4 180 8
4 185 20
4 187 16
5 33 22
5 34 23
5 63 23
5 90 18
5 93 23
5 94 14
5 112 17
5 130 10
5 147 7
5 150 11
5 152 25
5 185 27
5 187 24
6 27 11
6 28 13
6 43 13
6 47 10
6 74 14
6 89 16
6 90 13
6 115 23
6 128 16
6 129 14
6 131 25
6 140 15
6 151 20
6 154 11
6 161 16
6 166 20
6 167 14
6 174 16
6 175 21
6 180 15
6 181 21
6 192 14
7 9 20
7 55 22
7 72 26
7 82 20
7 87 22
7 91 24
8 9 24
8 14 18
8 21 23
8 24 26
8 30 22
8 31 25
8 32 18
8 36 17
8 44 17
8 51 17
8 58 25
8 60 20
8 64 21
8 69 18
8 71 19
8 72 23
8 78 17
8 81 25
8 82 24
8 83 25
8 85 21
8 87 25
8 91 20
8 94 13
9 24 26
9 30 26
9 31 28
9 55 26
9 58 27
9 72 22
9 77 23
9 82 29
9 85 23
9 87 26
10 11 15
10 12 18
10 13 13
10 14 22
10 18 18
10 19 24
10 32 22
10 35 25
10 37 20
10 41 26
10 42 14
10 45 20
10 50 27
10 51 20
10 53 18
10 56 27
10 57 14
10 60 20
10 62 24
10 64 13
10 69 21
10 78 18
10 79 19
10 80 24
10 83 15
10 84 24
10 86 24
10 88 14
10 96 13
10 98 19
11 12 13
11 13 24
11 15 19
11 18 20
11 22 17
11 29 14
11 37 20
11 38 18
11 39 13
11 41 13
11 42 20
11 45 21
11 49 12
11 50 15
11 56 15
11 57 22
11 59 17
11 61 14
11 64 11
11 65 12
11 66 17
11 73 20
11 78 14
11 86 16
11 92 17
11 96 25
11 98 18
11 99 13
11 117 15
12 13 15
12 16 10
12 19 14
12 20 14
12 35 14
12 41 19
12 42 18
12 50 20
12 56 20
12 57 16
12 62 21
12 65 12
12 79 14
12 84 14
12 88 15
12 97 18
12 98 23
12 100 20
12 160 13
12 194 11
12 270 11
12 294 12
12 296 15
13 15 17
13 18 16
13 23 13
13 29 12
13 37 16
13 39 12
13 41 12
13 42 25
13 45 17
13 49 13
13 50 14
13 52 11
13 56 14
13 57 27
13 61 18
13 65 17
13 66 15
13 73 18
13 86 13
13 96 20
13 98 19
13 117 16
13 194 13
13 270 13
14 18 14
14 19 24
14 21 16
14 24 20
14 31 18
14 32 29
14 35 24
14 37 16
14 41 20
14 45 15
14 50 20
14 51 27
14 53 17
14 56 20
14 58 18
14 60 27
14 62 18
14 64 16
14 69 28
14 78 20
14 79 19
14 80 24
14 81 17
14 83 22
14 84 24
14 85 22
14 86 20
14 98 13
15 18 14
15 22 22
15 27 15
15 29 23
15 34 20
15 37 13
15 38 20
15 39 22
15 42 13
15 44 12
15 45 14
15 49 19
15 57 15
15 59 21
15 61 19
15 63 20
15 66 24
15 73 26
15 92 21
15 93 24
15 96 21
15 99 22
15 117 20
15 152 21
15 185 20
15 187 23
16 20 24
16 23 14
16 47 13
16 52 16
16 54 14
16 65 13
16 68 18
16 70 12
16 76 18
16 97 19
16 100 12
16 105 18
16 160 26
16 194 17
16 195 18
16 199 19
16 201 17
16 203 22
16 208 23
16 212 15
16 221 26
16 255 13
16 264 16
16 270 17
16 294 13
16 316 19
16 391 11
17 207 28
17 209 17
17 210 21
17 218 20
17 222 26
17 223 15
17 230 24
17 233 20
17 239 17
17 243 19
17 247 21
17 252 13
17 257 24
17 261 16
17 262 12
17 267 17
17 275 20
17 276 20
17 288 17
17 290 20
17 295 24
17 356 16
17 367 15
17 381 21
18 21 17
18 22 15
18 32 14
18 36 19
18 37 27
18 38 18
18 41 15
18 42 14
18 44 19
18 45 26
18 50 16
18 56 16
18 57 14
18 59 16
18 60 15
18 64 19
18 71 17
18 73 13
18 78 22
18 83 14
18 86 23
18 92 16
18 93 11
18 96 22
18 98 15
19 24 15
19 25 19
19 32 24
19 35 28
19 41 24
19 50 22
19 51 24
19 53 22
19 56 22
19 60 22
19 62 22
19 67 20
19 69 24
19 78 17
19 79 24
19 80 29
19 83 17
19 84 29
19 85 18
19 86 19
19 88 17
19 98 14
19 296 15
20 23 13
20 52 14
20 54 12
20 65 13
20 68 13
20 70 13
20 88 6
20 97 24
20 98 9
20 100 16
20 160 24
20 194 17
20 195 13
20 201 15
20 203 20
20 208 19
20 212 13
20 221 22
20 255 15
20 270 17
20 294 17
20 296 8
20 316 15
20 391 12
21 24 20
21 31 19
21 32 16
21 36 23
21 37 16
21 38 15
21 44 23
21 58 20
21 60 18
21 64 26
21 69 16
21 71 25
21 72 24
21 78 21
21 81 27
21 82 18
21 83 23
21 85 15
21 86 15
21 91 24
21 94 19
21 112 16
22 29 18
22 33 25
22 34 17
22 36 19
22 37 13
22 38 26
22 39 17
22 44 19
22 45 14
22 49 13
22 59 28
22 63 17
22 64 14
22 66 17
22 71 17
22 73 20
22 78 12
22 92 28
22 93 25
22 94 22
22 96 20
22 99 19
22 112 23
22 117 14
22 152 19
22 185 20
22 187 24
23 27 16
23 28 20
23 42 14
23 43 20
23 47 26
23 49 15
23 52 27
23 57 14
23 61 19
23 65 23
23 68 21
23 74 19
23 76 14
23 89 12
23 117 16
23 133 25
23 160 16
23 181 13
23 194 25
23 195 22
23 208 11
23 221 12
23 270 25
24 30 24
24 31 27
24 32 20
24 35 15
24 36 14
24 44 14
24 51 19
24 58 27
24 60 22
24 64 19
24 69 20
24 71 16
24 72 21
24 78 18
24 80 15
24 81 22
24 82 26
24 83 26
24 84 15
24 85 24
24 87 24
24 91 17
25 35 18
25 41 19
25 48 21
25 51 15
25 53 26
25 62 20
25 67 25
25 75 13
25 79 24
25 80 19
25 84 19
25 88 26
25 100 17
25 220 14
25 228 23
25 244 17
25 273 13
25 284 9
25 294 12
25 296 24
26 54 22
26 76 13
26 105 15
26 199 15
26 201 20
26 203 14
26 208 17
26 212 19
26 221 14
26 254 13
26 264 20
26 282 14
26 316 19
26 320 17
26 326 19
26 332 11
26 351 9
26 361 12
26 372 11
26 375 7
26 383 7
26 387 14
26 388 12
26 391 13
26 399 11
27 28 24
27 29 21
27 34 21
27 39 22
27 43 24
27 47 16
27 49 25
27 52 14
27 61 22
27 63 21
27 65 15
27 66 20
27 73 17
27 74 23
27 90 22
27 93 13
27 99 20
27 117 23
27 131 14
27 133 20
27 140 23
27 152 19
27 181 12
28 29 16
28 34 17
28 39 17
28 43 29
28 47 20
28 49 20
28 52 18
28 61 20
28 63 17
28 65 17
28 66 15
28 68 15
28 73 13
28 74 28
28 89 13
28 90 19
28 99 16
28 117 19
28 131 15
28 133 24
28 140 20
28 181 16
28 194 16
28 195 15
28 270 16
29 34 26
29 38 16
29 39 28
29 43 16
29 49 24
29 59 17
29 61 20
29 63 26
29 66 25
29 73 22
29 74 15
29 90 19
29 92 17
29 93 21
29 96 15
29 99 28
29 117 23
29 140 19
29 152 26
29 185 24
29 187 22
30 31 26
30 55 23
30 58 25
30 72 19
30 77 26
30 82 26
30 85 26
30 87 23
31 32 18
31 51 18
31 55 25
31 58 28
31 60 20
31 69 18
31 71 15
31 72 21
31 77 23
31 81 21
31 82 28
31 83 24
31 85 24
31 87 25
31 91 16
32 35 24
32 37 16
32 41 20
32 45 15
32 50 20
32 51 27
32 53 17
32 56 20
32 58 18
32 60 27
32 62 18
32 64 16
32 69 28
32 78 20
32 79 19
32 80 24
32 81 17
32 83 22
32 84 24
32 85 22
32 86 20
33 34 20
33 36 16
33 38 22
33 44 16
33 59 24
33 63 20
33 71 15
33 91 14
33 92 24
33 93 25
33 94 21
33 99 20
33 112 24
33 152 22
33 185 23
33 187 26
34 39 27
34 43 17
34 49 23
34 59 16
34 61 19
34 63 29
34 66 23
34 73 20
34 74 16
34 90 21
34 92 16
34 93 21
34 99 27
34 117 22
34 133 14
34 140 20
34 152 27
34 185 25
34 187 22
35 37 16
35 41 24
35 45 16
35 50 23
35 51 24
35 53 21
35 56 23
35 60 22
35 62 22
35 64 13
35 67 19
35 69 24
35 78 18
35 79 23
35 80 28
35 83 17
35 84 28
35 85 18
35 86 20
35 88 16
35 98 15
36 37 17
36 38 21
36 44 29
36 45 16
36 58 14
36 59 20
36 60 13
36 64 24
36 71 27
36 72 19
36 78 19
36 81 21
36 83 17
36 86 13
36 91 25
36 92 20
36 93 15
36 94 24
36 96 16
36 112 21
36 187 14
37 38 16
37 41 17
37 42 14
37 44 17
37 45 28
37 50 18
37 56 18
37 57 14
37 59 14
37 60 17
37 64 19
37 73 12
37 78 23
37 83 15
37 84 15
37 86 25
37 92 14
37 96 21
37 98 17
38 44 21
38 45 16
38 59 27
38 64 16
38 66 15
38 71 19
38 73 18
38 78 14
38 86 12
38 92 27
38 93 22
38 94 23
38 96 22
38 99 16
38 112 23
38 152 16
38 185 17
38 187 21
39 43 17
39 49 25
39 59 16
39 61 21
39 63 27
39 66 25
39 73 22
39 74 16
39 90 20
39 92 16
39 93 20
39 96 14
39 99 27
39 117 24
39 133 15
39 140 20
39 152 25
39 185 23
39 187 21
40 54 14
40 212 13
40 213 15
40 224 28
40 225 21
40 229 22
40 231 23
40 237 23
40 249 18
40 252 17
40 254 25
40 256 28
40 262 16
40 263 19
40 265 19
40 279 23
40 281 23
40 282 22
40 283 20
40 285 22
40 326 19
40 363 17
40 367 17
40 372 24
40 387 19
40 391 15
41 42 13
41 45 17
41 50 27
41 51 19
41 53 21
41 56 27
41 57 13
41 60 18
41 62 27
41 69 19
41 78 15
41 79 22
41 80 24
41 84 24
41 86 21
41 88 17
41 98 19
41 100 14
41 296 15
42 45 15
42 50 15
42 52 14
42 56 15
42 57 27
42 61 16
42 62 13
42 65 20
42 66 12
42 73 15
42 86 13
42 96 16
42 97 13
42 98 22
42 117 13
42 133 14
42 160 11
42 194 16
42 270 16
43 47 20
43 49 20
43 52 18
43 61 20
43 63 17
43 65 17
43 66 15
43 68 15
43 74 28
43 89 13
43 90 19
43 99 16
43 117 19
43 131 15
43 133 24
43 140 20
43 181 16
43 194 16
43 195 15
43 270 16
44 45 16
44 58 14
44 59 20
44 60 13
44 64 24
44 71 27
44 72 19
44 78 19
44 81 21
44 83 17
44 86 13
44 91 25
44 92 20
44 93 15
44 94 24
44 96 16
44 112 21
44 187 14
45 50 18
45 56 18
45 57 15
45 59 15
45 60 16
45 64 18
45 73 13
45 78 22
45 83 14
45 84 15
45 86 24
45 92 15
45 96 22
45 98 18
46 108 24
46 118 11
46 123 12
46 134 19
46 137 17
46 156 16
46 167 12
46 171 23
46 172 20
46 173 18
46 176 23
46 182 16
46 190 11
46 192 13
46 193 24
46 198 17
46 323 9
46 354 17
46 366 12
46 368 13
46 374 9
46 375 10
46 376 10
46 393 17
47 49 14
47 52 26
47 61 18
47 65 21
47 68 21
47 74 21
47 76 15
47 89 15
47 117 15
47 133 24
47 160 15
47 175 10
47 181 15
47 194 23
47 195 22
47 199 13
47 221 11
47 270 23
48 53 22
48 67 25
48 77 17
48 95 24
48 228 25
48 244 17
49 57 13
49 61 24
49 63 23
49 65 16
49 66 24
49 73 21
49 74 19
49 90 19
49 93 16
49 99 23
49 117 26
49 133 19
49 140 20
49 152 21
49 187 17
50 51 18
50 53 19
50 56 29
50 57 15
50 60 18
50 62 25
50 69 19
50 78 16
50 79 20
50 80 22
50 84 22
50 86 22
50 88 15
50 96 12
50 98 21
50 100 13
51 53 18
51 56 18
51 58 17
51 60 26
51 62 18
51 67 18
51 69 28
51 79 20
51 80 24
51 81 16
51 83 21
51 84 24
51 85 23
52 57 12
52 61 17
52 65 23
52 68 22
52 74 18
52 76 15
52 89 13
52 97 12
52 133 23
52 160 18
52 181 13
52 194 26
52 195 23
52 199 14
52 208 13
52 221 14
52 270 26
53 56 19
53 62 21
53 67 26
53 69 17
53 75 10
53 79 27
53 80 22
53 84 22
53 85 14
53 88 23
53 100 15
53 220 11
53 228 22
53 244 14
53 273 10
53 296 21
54 70 18
54 76 11
54 105 12
54 199 13
54 201 25
54 203 19
54 208 18
54 212 26
54 221 16
54 224 13
54 254 17
54 255 19
54 256 15
54 262 15
54 264 16
54 282 20
54 285 17
54 316 18
54 320 10
54 326 18
54 372 12
54 387 13
54 391 20
55 58 26
55 72 25
55 77 20
55 82 26
55 87 29
56 57 15
56 60 18
56 62 25
56 65 6
56 69 19
56 78 16
56 79 20
56 80 22
56 84 22
56 86 22
56 88 15
56 96 12
56 98 21
56 100 13
57 61 18
57 62 12
57 65 18
57 66 14
57 73 17
57 86 13
57 96 18
57 98 20
57 117 15
57 133 14
57 194 14
57 270 14
58 60 20
58 64 17
58 69 18
58 71 16
58 72 22
58 77 22
58 81 22
58 82 27
58 83 24
58 85 23
58 87 26
58 91 17
59 63 16
59 64 15
59 66 16
59 71 18
59 73 19
59 78 13
59 86 10
59 92 29
59 93 24
59 94 22
59 96 21
59 99 18
59 112 23
59 117 13
59 152 18
59 185 19
59 187 23
60 62 16
60 64 18
60 69 27
60 78 22
60 79 17
60 80 22
60 81 19
60 83 24
60 84 22
60 85 21
60 86 21
61 63 19
61 65 20
61 66 24
61 73 22
61 74 19
61 93 15
61 96 13
61 99 19
61 117 26
61 133 22
61 152 17
61 194 17
61 270 17
62 69 17
62 79 22
62 80 22
62 84 22
62 86 19
62 88 19
62 97 11
62 98 18
62 100 16
62 294 9
62 296 17
63 66 23
63 73 20
63 74 16
63 90 21
63 92 16
63 93 21
63 99 27
63 117 22
63 133 14
63 140 20
63 152 27
63 185 25
63 187 22
64 69 16
64 71 24
64 72 21
64 78 24
64 81 24
64 83 22
64 86 18
64 91 22
64 92 15
64 94 19
64 96 13
64 112 16
65 66 15
65 68 16
65 73 13
65 74 16
65 97 13
65 98 14
65 117 17
65 133 21
65 160 16
65 194 25
65 195 17
65 270 25
66 73 26
66 74 14
66 92 16
66 93 20
66 96 17
66 99 24
66 117 25
66 133 17
66 152 22
66 187 20
67 69 17
67 75 11
67 79 25
67 80 20
67 84 20
67 85 14
67 88 22
67 95 21
67 220 12
67 228 24
67 244 16
67 273 11
67 296 20
68 74 16
68 76 22
68 89 18
68 105 20
68 133 17
68 160 17
68 175 12
68 181 17
68 194 19
68 195 28
68 199 21
68 201 11
68 208 18
68 221 18
68 264 16
68 270 19
68 316 18
68 361 17
68 388 17
69 78 20
69 79 19
69 80 24
69 81 17
69 83 22
69 84 24
69 85 23
69 86 19
70 97 13
70 100 8
70 201 18
70 203 18
70 208 12
70 212 20
70 221 13
70 223 16
70 229 16
70 239 17
70 254 14
70 255 26
70 256 14
70 262 23
70 279 17
70 281 14
70 282 19
70 285 20
70 294 16
70 391 26
71 72 21
71 78 19
71 81 23
71 83 19
71 91 26
71 92 18
71 94 23
71 112 20
72 81 24
72 82 22
72 83 19
72 85 16
72 87 25
72 91 23
72 94 16
72 112 14
73 92 19
73 93 21
73 96 20
73 99 21
73 117 23
73 133 15
73 152 20
73 187 20
74 89 14
74 90 19
74 99 15
74 117 18
74 131 16
74 133 23
74 140 21
74 175 11
74 181 17
74 194 16
74 195 16
74 270 16
75 88 14
75 100 11
75 218 18
75 220 28
75 223 20
75 228 16
75 230 16
75 239 17
75 244 20
75 247 17
75 273 28
75 275 16
75 276 16
75 284 22
75 288 17
75 294 12
75 296 16
75 300 14
76 89 18
76 105 26
76 133 11
76 151 9
76 160 17
76 167 7
76 175 13
76 181 15
76 194 13
76 195 21
76 199 25
76 201 13
76 203 15
76 208 21
76 221 19
76 264 20
76 270 13
76 316 22
76 320 11
76 361 23
76 388 23
76 393 11
77 82 23
77 85 25
77 87 20
77 95 14
78 81 19
78 83 21
78 84 17
78 86 23
78 92 13
78 96 15
79 80 24
79 84 24
79 85 15
79 88 22
79 100 14
79 220 10
79 228 20
79 244 12
79 273 9
79 296 20
80 83 17
80 84 29
80 85 18
80 86 19
80 88 17
80 296 15
81 82 20
81 83 24
81 85 17
81 87 23
81 91 23
81 94 17
81 112 14
82 83 23
82 85 23
82 87 26
82 91 16
83 84 17
83 85 21
83 86 18
83 91 18
84 85 18
84 86 19
84 88 17
84 98 14
84 296 15
85 87 20
86 96 17
86 98 18
87 91 19
88 97 10
88 100 19
88 220 15
88 228 20
88 244 16
88 273 14
88 284 10
88 294 15
88 296 27
89 105 16
89 128 15
89 131 15
89 133 12
89 151 19
89 167 15
89 175 23
89 181 24
89 182 8
89 192 14
89 195 18
89 198 14
89 199 15
89 264 10
89 361 19
89 388 19
89 393 13
90 99 19
90 115 11
90 117 17
90 130 14
90 131 17
90 140 27
90 150 13
90 152 19
90 166 14
90 180 8
90 181 11
90 185 18
91 94 21
91 112 19
92 93 24
92 94 22
92 96 21
92 99 18
92 112 23
92 152 18
92 185 19
92 187 23
93 94 19
93 96 18
93 99 22
93 112 21
93 117 16
93 152 23
93 185 24
93 187 28
94 112 26
94 185 15
94 187 18
95 226 11
95 228 24
95 244 20
95 277 11
96 98 15
96 99 14
96 117 14
96 187 17
97 98 13
97 100 20
97 160 20
97 194 15
97 201 11
97 203 16
97 208 14
97 212 11
97 221 17
97 255 15
97 270 15
97 294 21
97 296 12
97 391 12
98 100 14
98 160 10
98 194 11
98 270 11
99 117 22
99 140 19
99 152 27
99 185 25
99 187 23
100 160 13
100 203 10
100 220 12
100 221 10
100 223 7
100 255 10
100 273 11
100 294 20
100 296 21
101 104 19
101 110 25
101 116 17
101 134 18
101 138 22
101 148 23
101 183 18
101 339 12
101 347 13
101 368 15
101 400 14
102 113 21
102 114 15
102 115 13
102 121 20
102 122 14
102 124 24
102 127 20
102 129 18
102 130 16
102 135 26
102 139 27
102 142 26
102 143 26
102 149 21
102 154 25
102 158 25
102 159 19
102 161 17
102 164 12
102 166 14
102 168 16
102 169 16
102 170 20
102 177 25
102 178 15
102 180 20
102 184 21
102 188 22
103 104 21
103 106 21
103 107 22
103 109 22
103 111 22
103 116 25
103 118 25
103 119 27
103 120 21
103 134 15
103 136 19
103 141 21
103 145 22
103 148 19
103 157 21
103 165 21
103 171 12
103 179 24
103 183 24
103 186 19
103 190 25
103 196 26
103 200 27
104 107 20
104 110 20
104 116 25
104 119 20
104 138 14
104 148 25
104 179 20
104 183 26
104 197 20
104 200 22
105 160 17
105 175 11
105 181 12
105 195 19
105 198 11
105 199 28
105 201 14
105 203 16
105 208 22
105 212 11
105 221 20
105 264 22
105 316 23
105 320 13
105 361 24
105 388 24
105 393 12
106 109 26
106 111 28
106 114 20
106 118 24
106 119 19
106 120 22
106 122 19
106 126 19
106 136 23
106 137 20
106 141 25
106 144 26
106 145 25
106 164 23
106 165 23
106 168 19
106 169 18
106 171 15
106 173 21
106 176 16
106 178 19
106 182 16
106 186 23
106 190 24
106 191 19
106 193 14
106 196 21
106 200 21
107 116 21
107 119 24
107 120 23
107 125 17
107 132 20
107 146 22
107 155 17
107 157 25
107 165 22
107 179 27
107 183 20
107 196 20
107 197 24
107 200 21
108 123 11
108 128 13
108 134 14
108 137 15
108 156 15
108 167 14
108 171 18
108 172 17
108 173 15
108 176 20
108 182 16
108 192 15
108 193 19
108 198 22
108 302 9
108 320 9
108 323 9
108 354 17
108 361 10
108 366 11
108 375 14
108 388 10
108 393 22
109 111 25
109 114 20
109 118 23
109 119 22
109 120 25
109 122 21
109 126 18
109 136 25
109 137 17
109 141 27
109 144 26
109 145 28
109 157 21
109 159 16
109 164 23
109 165 26
109 168 20
109 169 19
109 170 16
109 173 18
109 176 13
109 178 19
109 179 20
109 186 25
109 190 23
109 191 19
109 196 21
109 200 21
110 116 17
110 148 22
110 183 18
110 197 13
110 339 12
110 400 14
111 114 19
111 118 25
111 119 20
111 120 21
111 122 18
111 126 18
111 134 14
111 136 22
111 137 20
111 141 24
111 144 25
111 145 24
111 164 22
111 165 22
111 168 18
111 169 17
111 171 16
111 173 22
111 176 17
111 178 18
111 182 16
111 186 22
111 190 25
111 191 18
111 193 15
111 196 22
111 200 22
112 152 17
112 185 18
112 187 21
113 120 15
113 121 22
113 122 18
113 124 20
113 127 25
113 132 18
113 135 18
113 136 16
113 139 19
113 142 20
113 143 20
113 154 18
113 155 21
113 157 14
113 158 23
113 159 25
113 165 14
113 169 19
113 170 21
113 177 23
113 186 15
113 188 16
113 189 20
114 120 17
114 122 26
114 126 22
114 129 20
114 135 15
114 136 20
114 137 17
114 139 14
114 141 22
114 142 12
114 144 23
114 145 20
114 154 16
114 159 21
114 161 18
114 164 26
114 165 18
114 168 28
114 169 27
114 170 24
114 173 15
114 174 19
114 178 27
114 182 16
114 186 21
114 191 23
115 126 13
115 128 16
115 129 19
115 130 14
115 131 21
115 135 16
115 139 14
115 140 12
115 142 12
115 151 19
115 154 17
115 161 21
115 166 23
115 167 14
115 174 19
115 175 17
115 180 21
115 181 15
115 191 12
115 192 14
116 118 22
116 119 24
116 134 17
116 138 12
116 148 23
116 157 18
116 179 22
116 183 28
116 190 22
116 196 26
116 200 26
117 133 20
117 140 18
117 152 20
118 119 23
118 120 20
118 134 17
118 136 19
118 137 17
118 141 21
118 144 21
118 145 22
118 164 18
118 165 20
118 171 16
118 173 19
118 176 16
118 179 20
118 183 21
118 186 19
118 190 29
118 193 15
118 196 25
118 200 25
119 120 23
119 136 20
119 141 21
119 144 19
119 145 23
119 148 18
119 155 15
119 157 23
119 165 23
119 179 26
119 183 23
119 186 20
119 190 23
119 196 24
119 200 25
120 122 20
120 132 18
120 136 25
120 141 24
120 144 22
120 145 26
120 155 19
120 157 25
120 159 18
120 164 19
120 165 28
120 168 17
120 169 19
120 170 16
120 179 23
120 186 25
120 190 20
120 196 19
120 200 19
121 124 23
121 125 20
121 127 26
121 132 17
121 139 19
121 142 21
121 143 21
121 147 16
121 149 19
121 155 18
121 158 24
121 159 18
121 162 22
121 163 26
121 177 24
121 184 19
121 188 18
121 189 27
122 126 21
122 129 18
122 136 23
122 137 16
122 139 13
122 141 23
122 144 22
122 145 22
122 154 15
122 155 16
122 157 16
122 159 22
122 161 15
122 164 25
122 165 21
122 168 26
122 169 27
122 170 23
122 173 14
122 174 17
122 178 25
122 186 24
122 191 22
123 153 17
123 156 25
123 171 10
123 172 20
123 193 11
123 302 16
123 323 22
123 327 20
123 345 19
123 354 23
123 359 17
123 366 28
123 368 19
123 374 24
123 375 16
123 376 27
123 378 18
123 384 18
123 397 17
123 398 15
124 127 21
124 130 17
124 135 22
124 139 24
124 142 26
124 143 26
124 147 21
124 149 24
124 150 17
124 154 20
124 158 26
124 163 23
124 177 26
124 184 24
124 188 24
124 189 25
125 127 21
125 132 25
125 146 24
125 155 24
125 157 18
125 162 27
125 163 20
125 179 15
125 189 19
125 197 18
126 128 17
126 129 20
126 136 17
126 137 22
126 141 19
126 144 21
126 145 17
126 151 14
126 154 13
126 161 20
126 164 23
126 167 17
126 168 22
126 169 20
126 170 18
126 173 19
126 174 23
126 176 14
126 178 24
126 180 12
126 182 21
126 186 18
126 191 28
126 192 18
127 132 19
127 135 18
127 136 12
127 139 19
127 142 20
127 143 20
127 149 16
127 155 21
127 157 13
127 158 23
127 159 21
127 162 23
127 177 23
127 184 16
127 188 17
127 189 24
128 129 16
128 131 13
128 137 16
128 151 25
128 161 19
128 166 11
128 167 27
128 173 14
128 174 20
128 175 20
128 176 12
128 178 12
128 181 14
128 182 20
128 191 16
128 192 26
128 198 18
128 361 11
128 388 11
128 393 14
129 131 11
129 135 20
129 137 14
129 139 18
129 141 14
129 142 16
129 143 16
129 144 14
129 151 14
129 154 22
129 159 17
129 161 26
129 164 17
129 166 15
129 168 21
129 169 20
129 170 21
129 174 24
129 178 21
129 180 20
129 186 14
129 191 20
129 192 15
130 131 13
130 135 17
130 139 17
130 140 12
130 142 18
130 143 18
130 147 25
130 149 22
130 150 27
130 154 17
130 158 15
130 166 19
130 177 15
130 180 20
130 184 22
130 188 22
131 135 8
131 140 19
131 151 16
131 154 9
131 161 13
131 166 20
131 167 11
131 174 13
131 175 18
131 180 13
131 181 20
131 192 11
132 146 26
132 155 24
132 157 22
132 162 23
132 179 18
132 189 15
132 197 21
133 140 15
133 160 12
133 181 14
133 194 21
133 195 18
133 270 21
134 138 21
134 148 18
134 156 12
134 171 25
134 172 16
134 173 15
134 176 19
134 183 18
134 190 17
134 193 24
134 196 18
134 200 17
134 354 13
134 368 15
135 139 27
135 142 25
135 143 25
135 149 21
135 154 27
135 158 23
135 159 17
135 161 19
135 166 15
135 168 16
135 169 16
135 170 20
135 174 16
135 177 23
135 178 15
135 180 23
135 184 20
135 188 22
136 141 26
136 144 24
136 145 26
136 155 17
136 157 22
136 159 20
136 164 22
136 165 26
136 168 20
136 169 22
136 170 18
136 178 19
136 186 28
136 190 19
136 191 18
136 200 17
137 141 18
137 144 20
137 145 16
137 151 12
137 164 20
137 167 18
137 168 16
137 169 15
137 171 15
137 173 26
137 174 18
137 176 21
137 178 18
137 182 25
137 190 17
137 191 22
137 192 19
137 193 15
137 198 14
138 148 18
138 153 13
138 171 17
138 172 18
138 183 13
138 193 16
138 196 11
138 347 15
138 368 21
138 374 15
138 378 14
138 400 15
139 142 27
139 143 27
139 149 22
139 150 16
139 154 25
139 158 24
139 159 17
139 161 17
139 166 15
139 168 15
139 169 15
139 170 19
139 174 14
139 177 24
139 178 14
139 180 22
139 184 22
139 188 23
140 152 18
140 166 14
140 175 10
140 180 7
140 181 13
140 185 16
141 144 27
141 145 27
141 157 20
141 159 17
141 164 24
141 165 25
141 168 22
141 169 21
141 170 18
141 173 18
141 174 14
141 178 21
141 186 27
141 190 21
141 191 20
141 196 19
141 200 19
142 143 29
142 147 22
142 149 24
142 150 18
142 154 23
142 158 26
142 159 17
142 161 15
142 166 14
142 168 13
142 169 13
142 170 17
142 177 26
142 180 20
142 184 24
142 188 25
142 189 22
143 147 22
143 149 24
143 150 18
143 154 23
143 158 26
143 159 17
143 161 15
143 166 14
143 170 17
143 177 26
143 180 20
143 184 24
143 188 25
143 189 22
144 145 25
144 159 16
144 164 26
144 165 23
144 168 22
144 169 21
144 170 18
144 173 20
144 174 15
144 176 15
144 178 22
144 182 16
144 186 25
144 190 21
144 191 22
144 196 18
144 200 18
145 155 16
145 157 22
145 159 17
145 164 22
145 165 27
145 168 20
145 169 20
145 170 16
145 173 17
145 178 19
145 179 21
145 186 26
145 190 22
145 191 18
145 196 20
145 200 20
146 155 22
146 157 21
146 162 22
146 163 15
146 179 20
146 197 23
147 149 26
147 150 25
147 158 19
147 177 19
147 184 26
147 188 26
147 189 18
148 179 17
148 183 24
148 196 21
148 200 21
148 347 7
148 368 10
148 400 8
149 150 22
149 154 19
149 158 21
149 163 20
149 166 17
149 177 21
149 180 20
149 184 28
149 188 28
149 189 21
150 166 17
150 180 18
150 184 22
150 185 9
150 188 22
150 189 15
151 161 17
151 166 14
151 167 23
151 174 18
151 175 24
151 180 11
151 181 18
151 182 16
151 191 13
151 192 22
151 198 16
151 361 11
151 388 11
151 393 12
152 185 27
152 187 24
153 172 13
153 309 16
153 310 18
153 314 12
153 322 14
153 327 21
153 337 19
153 345 18
153 347 24
153 349 15
153 350 21
153 360 24
153 366 16
153 368 20
153 371 17
153 374 22
153 376 19
153 378 27
153 389 16
153 392 17
153 396 22
153 398 24
153 400 23
154 158 21
154 159 17
154 161 21
154 164 13
154 166 16
154 168 17
154 169 17
154 170 21
154 174 18
154 177 21
154 178 16
154 180 24
154 188 20
154 191 13
155 157 21
155 158 15
155 159 22
155 162 23
155 165 18
155 169 16
155 177 15
155 179 17
155 186 16
156 171 14
156 172 23
156 176 10
156 193 15
156 198 10
156 302 17
156 323 20
156 327 16
156 345 15
156 354 27
156 366 25
156 368 18
156 374 20
156 375 18
156 376 23
156 378 14
156 384 15
156 393 12
156 397 15
157 159 16
157 165 24
157 179 25
157 186 21
157 196 19
157 200 19
158 159 20
158 170 19
158 177 29
158 180 17
158 184 21
158 188 22
158 189 23
159 164 18
159 165 18
159 168 21
159 169 23
159 170 25
159 177 20
159 178 19
159 186 19
159 191 15
160 194 20
160 195 17
160 199 18
160 201 14
160 203 19
160 208 20
160 212 12
160 221 23
160 255 11
160 270 20
160 294 12
160 316 17
161 164 15
161 166 16
161 167 18
161 168 18
161 169 17
161 170 18
161 174 26
161 175 13
161 178 19
161 180 20
161 182 16
161 191 19
161 192 18
162 163 22
162 189 21
162 197 16
163 184 20
163 189 27
164 165 20
164 168 25
164 169 24
164 170 21
164 173 18
164 174 17
164 176 13
164 178 25
164 182 17
164 186 23
164 190 18
164 191 24
165 168 18
165 169 20
165 170 17
165 178 17
165 179 22
165 186 26
165 190 20
165 196 19
165 200 19
166 174 13
166 175 13
166 180 21
166 181 14
166 188 17
167 173 16
167 174 19
167 175 19
167 176 14
167 181 13
167 182 22
167 191 17
167 192 28
167 198 19
167 361 11
167 388 11
167 393 15
168 169 27
168 170 25
168 173 14
168 174 19
168 178 27
168 180 14
168 186 21
168 191 22
169 170 25
169 174 17
169 178 25
169 186 23
169 191 21
170 174 16
170 177 19
170 178 23
170 180 17
170 186 19
170 191 18
171 172 19
171 173 18
171 176 23
171 182 14
171 190 16
171 193 28
171 196 15
171 198 12
171 200 14
171 354 15
171 366 10
171 368 13
171 393 12
172 176 14
172 193 20
172 198 12
172 323 14
172 354 23
172 366 20
172 368 19
172 374 18
172 375 14
172 376 18
172 378 14
172 393 14
173 174 15
173 176 24
173 178 16
173 182 23
173 190 19
173 191 19
173 192 17
173 193 18
173 196 16
173 198 13
173 200 16
174 175 13
174 178 21
174 180 17
174 182 19
174 191 22
174 192 20
175 181 23
175 182 12
175 192 18
175 195 12
175 198 15
175 361 14
175 388 14
175 393 11
176 182 20
176 190 16
176 191 14
176 192 15
176 193 23
176 196 14
176 198 17
176 200 14
176 354 11
176 393 15
177 180 17
177 184 21
177 188 22
177 189 23
178 180 13
178 182 17
178 186 20
178 191 24
179 183 21
179 190 20
179 196 22
179 200 23
180 188 21
181 192 12
181 195 17
181 361 15
181 388 15
182 191 21
182 192 23
182 193 14
182 198 17
182 393 14
183 190 21
183 196 25
183 200 25
184 188 27
184 189 21
185 187 25
186 190 19
186 191 19
186 200 17
188 189 20
190 193 15
190 196 25
190 200 25
191 192 18
192 198 18
192 361 10
192 388 10
192 393 14
193 196 14
193 198 12
193 200 13
193 354 16
193 366 11
193 368 14
193 374 10
193 376 9
193 393 13
194 195 20
194 203 10
194 208 13
194 221 14
194 270 29
195 199 20
195 208 17
195 221 17
195 264 15
195 270 20
195 316 17
195 361 16
195 388 16
196 200 28
198 199 10
198 320 11
198 354 12
198 361 16
198 375 10
198 388 16
198 393 25
199 201 15
199 203 17
199 208 23
199 212 12
199 221 21
199 264 23
199 316 24
199 320 13
199 361 23
199 388 23
199 393 11
201 203 22
201 208 21
201 212 26
201 221 20
201 254 14
201 255 20
201 262 14
201 264 17
201 282 17
201 285 15
201 316 19
201 326 14
201 361 10
201 391 20
202 210 21
202 213 24
202 219 26
202 222 17
202 225 14
202 227 27
202 231 13
202 232 22
202 234 20
202 237 13
202 238 24
202 243 19
202 245 25
202 251 19
202 252 21
202 253 14
202 257 17
202 259 16
202 260 18
202 265 19
202 267 16
202 290 20
202 293 20
202 295 17
202 298 16
202 313 21
202 356 18
202 363 22
202 367 20
202 381 20
203 208 23
203 212 21
203 221 24
203 239 9
203 255 19
203 262 12
203 264 17
203 270 10
203 282 12
203 285 11
203 294 17
203 316 19
203 391 18
204 209 22
204 215 16
204 226 27
204 235 22
204 236 23
204 244 13
204 248 27
204 258 25
204 277 27
204 284 18
204 286 16
204 288 22
204 300 24
205 206 27
205 209 12
205 215 21
205 216 22
205 217 22
205 233 14
205 236 15
205 240 19
205 241 19
205 242 24
205 243 15
205 251 21
205 253 18
205 259 23
205 261 19
205 267 18
205 268 26
205 269 19
205 272 25
205 289 20
205 290 14
205 291 28
205 292 26
205 293 18
205 298 19
205 356 17
206 215 19
206 216 24
206 217 20
206 232 16
206 233 13
206 234 18
206 240 21
206 241 21
206 242 22
206 243 15
206 245 16
206 251 22
206 253 20
206 259 25
206 260 19
206 261 19
206 267 18
206 268 27
206 269 17
206 272 26
206 274 20
206 289 22
206 290 14
206 291 28
206 292 28
206 293 20
206 298 21
206 356 18
207 209 18
207 210 20
207 218 21
207 222 26
207 223 14
207 230 25
207 233 21
207 239 16
207 243 19
207 247 22
207 257 23
207 261 16
207 262 11
207 267 17
207 275 21
207 276 21
207 288 18
207 290 20
207 295 23
207 300 16
207 356 16
207 367 14
207 381 20
208 212 18
208 221 26
208 255 13
208 264 21
208 270 13
208 282 9
208 316 24
208 320 10
208 361 17
208 388 17
208 391 13
209 215 18
209 217 17
209 218 21
209 222 17
209 230 19
209 233 23
209 236 23
209 242 15
209 243 15
209 247 22
209 248 23
209 258 26
209 261 17
209 267 17
209 269 20
209 275 23
209 276 23
209 284 17
209 288 22
209 290 14
209 300 23
210 213 20
210 219 21
210 222 22
210 227 19
210 229 13
210 230 17
210 232 17
210 233 16
210 238 18
210 243 23
210 245 21
210 251 16
210 252 20
210 257 25
210 261 19
210 265 17
210 267 20
210 276 13
210 281 13
210 290 24
210 293 16
210 295 25
210 356 21
210 363 19
210 367 20
210 381 24
211 214 28
211 225 17
211 227 19
211 231 15
211 232 19
211 234 20
211 237 15
211 238 20
211 240 17
211 241 18
211 249 17
211 253 19
211 260 21
211 263 18
211 271 12
211 274 18
211 280 26
211 289 17
211 293 17
211 298 19
211 313 25
211 334 19
211 357 10
212 221 17
212 224 12
212 254 16
212 255 22
212 256 14
212 262 16
212 264 15
212 279 13
212 282 20
212 285 17
212 316 17
212 326 16
212 387 12
212 391 22
213 219 26
213 225 19
213 227 24
213 229 19
213 231 18
213 232 18
213 234 16
213 237 18
213 238 24
213 245 21
213 251 15
213 252 25
213 256 15
213 257 17
213 260 14
213 265 24
213 279 18
213 281 20
213 290 16
213 293 16
213 295 17
213 298 12
213 313 19
213 363 27
213 367 23
213 381 20
214 219 17
214 225 18
214 227 19
214 231 16
214 232 19
214 234 20
214 237 16
214 238 20
214 241 17
214 249 18
214 253 18
214 260 20
214 263 19
214 265 15
214 271 13
214 274 17
214 280 25
214 283 13
214 289 16
214 298 18
214 313 25
214 334 20
214 357 11
215 217 28
215 236 22
215 242 26
215 248 16
215 250 20
215 258 19
215 268 19
215 269 26
215 272 20
215 286 26
215 291 20
215 292 18
216 232 19
216 234 21
216 240 26
216 241 26
216 242 17
216 251 22
216 253 25
216 259 26
216 260 23
216 266 23
216 268 24
216 272 23
216 274 25
216 280 17
216 289 27
216 291 23
216 292 25
216 293 22
216 298 25
217 236 21
217 242 27
217 248 15
217 250 21
217 258 18
217 268 20
217 269 26
217 272 21
217 286 25
217 291 21
217 292 19
218 220 17
218 222 18
218 223 17
218 230 24
218 233 19
218 236 15
218 239 16
218 244 13
218 247 28
218 248 21
218 258 18
218 273 18
218 275 27
218 276 27
218 284 22
218 288 26
218 300 23
219 225 17
219 227 27
219 229 16
219 231 16
219 232 21
219 234 19
219 237 16
219 238 26
219 243 17
219 245 23
219 251 17
219 252 22
219 257 17
219 259 14
219 260 17
219 265 22
219 281 17
219 290 18
219 293 18
219 295 17
219 298 15
219 313 21
219 356 16
219 363 24
219 367 21
219 381 20
220 223 19
220 228 17
220 230 15
220 239 16
220 244 21
220 247 16
220 273 28
220 275 15
220 276 15
220 284 21
220 288 16
220 294 13
220 296 17
220 300 13
221 255 14
221 264 19
221 270 14
221 294 13
221 316 22
221 361 15
221 391 13
222 230 23
222 233 22
222 239 14
222 243 22
222 247 19
222 252 13
222 257 23
222 261 18
222 267 19
222 275 19
222 276 19
222 288 16
222 290 23
222 295 22
222 356 19
222 367 15
222 381 20
223 230 17
223 239 26
223 247 17
223 255 15
223 262 18
223 273 19
223 275 16
223 276 16
223 284 16
223 285 12
223 294 13
223 295 14
223 296 9
223 391 13
224 225 22
224 229 21
224 231 24
224 237 24
224 249 19
224 252 17
224 254 24
224 256 27
224 263 20
224 265 19
224 279 22
224 281 22
224 282 21
224 283 21
224 285 21
224 326 20
224 334 19
224 363 17
224 367 17
224 372 25
224 387 20
224 391 14
225 227 16
225 229 19
225 231 27
225 237 27
225 238 19
225 249 22
225 252 20
225 254 17
225 256 20
225 263 24
225 265 23
225 279 18
225 280 14
225 281 21
225 283 20
225 313 20
225 334 23
225 363 20
225 367 19
225 372 21
226 235 24
226 236 22
226 248 25
226 258 23
226 277 28
226 286 15
226 300 22
227 231 15
227 232 23
227 234 21
227 237 15
227 238 26
227 243 17
227 245 24
227 251 18
227 252 20
227 253 16
227 257 15
227 259 15
227 260 19
227 265 20
227 290 18
227 293 20
227 295 15
227 298 17
227 313 23
227 356 16
227 363 22
227 367 19
227 381 18
228 244 21
228 273 16
228 284 12
228 296 18
229 231 21
229 237 20
229 238 16
229 239 15
229 252 21
229 254 19
229 255 15
229 256 23
229 257 16
229 262 20
229 265 22
229 279 28
229 281 27
229 282 20
229 285 23
229 295 16
229 363 21
229 367 21
229 372 18
229 381 18
229 391 17
230 233 21
230 239 17
230 243 18
230 247 25
230 257 19
230 261 16
230 267 16
230 273 16
230 275 25
230 276 25
230 284 18
230 288 22
230 290 18
230 295 19
230 300 20
230 356 15
230 381 16
231 237 28
231 238 17
231 249 21
231 252 20
231 254 19
231 256 22
231 263 23
231 265 23
231 279 20
231 281 23
231 282 16
231 283 22
231 285 17
231 313 18
231 334 21
231 363 20
231 367 20
231 372 23
231 381 14
232 234 27
232 238 21
232 241 21
232 243 16
232 245 25
232 251 23
232 252 14
232 253 21
232 259 20
232 260 25
232 265 14
232 267 13
232 280 19
232 289 21
232 290 17
232 293 25
232 298 23
232 313 22
232 356 15
232 363 16
232 367 13
233 236 19
233 242 16
233 243 21
233 247 20
233 251 12
233 257 16
233 261 23
233 267 23
233 269 20
233 275 21
233 276 21
233 288 18
233 290 20
233 291 13
233 295 15
233 300 19
233 356 21
233 381 13
234 238 19
234 241 23
234 243 14
234 245 23
234 251 23
234 252 12
234 253 23
234 259 22
234 260 27
234 265 12
234 267 13
234 274 22
234 280 20
234 289 23
234 290 15
234 292 18
234 293 26
234 298 25
234 313 21
234 356 15
234 363 14
235 277 23
235 297 15
236 242 19
236 247 16
236 248 23
236 258 26
236 269 24
236 275 17
236 276 17
236 277 21
236 286 22
236 288 18
236 291 14
236 300 21
237 238 17
237 249 22
237 252 20
237 254 19
237 256 22
237 263 24
237 265 23
237 279 19
237 281 22
237 283 22
237 285 16
237 313 18
237 334 22
237 363 20
237 367 20
237 372 23
237 381 14
237 387 16
238 245 21
238 251 15
238 252 21
238 253 16
238 257 14
238 259 12
238 260 18
238 265 22
238 280 18
238 281 17
238 293 17
238 295 14
238 298 16
238 313 24
238 363 23
238 367 19
238 381 17
239 247 16
239 255 14
239 257 16
239 262 21
239 273 16
239 275 15
239 276 15
239 279 15
239 282 13
239 285 15
239 294 12
239 295 16
239 381 14
239 391 15
240 241 27
240 246 21
240 253 27
240 259 24
240 260 23
240 266 25
240 268 21
240 272 20
240 274 28
240 280 20
240 289 27
240 291 20
240 292 22
240 298 25
241 245 17
241 251 22
241 253 28
241 259 25
241 260 25
241 266 23
241 268 21
241 272 20
241 274 28
241 280 20
241 289 28
241 291 20
241 292 22
241 293 22
241 298 27
241 313 17
242 250 22
242 258 16
242 259 18
242 261 19
242 267 18
242 268 22
242 269 24
242 272 23
242 286 23
242 291 23
242 292 21
242 356 16
243 245 20
243 251 19
243 257 19
243 259 16
243 261 25
243 267 26
243 276 14
243 290 28
243 291 14
243 293 17
243 295 19
243 298 14
243 356 26
243 367 14
243 381 18
244 248 13
244 273 21
244 277 15
244 284 20
244 288 15
244 296 16
244 300 14
245 251 23
245 252 17
245 253 17
245 257 17
245 259 20
245 260 21
245 261 16
245 265 16
245 267 17
245 289 17
245 290 21
245 293 24
245 295 17
245 298 19
245 313 20
245 356 19
245 363 19
245 367 16
245 381 17
246 266 22
246 271 14
246 274 21
246 280 21
246 357 10
246 364 23
247 248 20
247 257 16
247 258 19
247 273 17
247 275 28
247 276 28
247 284 21
247 288 25
247 300 23
248 258 26
248 269 18
248 275 21
248 276 21
248 277 26
248 284 19
248 286 16
248 288 24
248 300 26
249 254 15
249 263 27
249 271 13
249 280 14
249 283 23
249 313 15
249 326 13
249 334 27
249 346 6
249 357 16
249 369 4
249 372 19
249 377 9
249 387 16
250 266 18
250 268 22
250 269 18
250 272 23
250 278 23
250 286 21
250 287 23
250 297 26
251 253 22
251 259 25
251 260 22
251 261 18
251 267 18
251 268 20
251 289 22
251 290 19
251 291 21
251 292 21
251 293 26
251 298 24
251 313 16
251 356 20
252 256 17
252 257 18
252 265 26
252 279 20
252 281 22
252 285 15
252 290 15
252 293 12
252 295 18
252 313 16
252 363 27
252 367 27
252 381 21
253 259 24
253 260 25
253 266 23
253 268 20
253 272 19
253 274 28
253 280 21
253 289 27
253 291 19
253 292 21
253 293 22
253 298 27
253 313 18
254 256 25
254 262 17
254 263 16
254 265 15
254 279 20
254 281 20
254 282 24
254 283 20
254 285 23
254 326 22
254 332 7
254 372 24
254 387 21
254 391 17
255 262 21
255 279 16
255 282 19
255 285 20
255 294 18
255 296 7
255 391 26
256 262 17
256 263 18
256 265 19
256 279 24
256 281 24
256 282 23
256 283 19
256 285 23
256 326 18
256 363 17
256 367 17
256 372 23
256 387 18
256 391 16
257 261 15
257 262 14
257 265 15
257 267 16
257 276 15
257 279 15
257 281 15
257 290 20
257 295 28
257 356 17
257 363 16
257 367 20
257 381 26
258 269 21
258 275 20
258 276 20
258 277 23
258 284 16
258 286 19
258 288 21
258 300 24
259 260 23
259 261 17
259 267 17
259 268 24
259 272 23
259 274 24
259 289 25
259 290 15
259 291 24
259 292 25
259 293 24
259 298 25
259 313 14
259 356 19
260 268 18
260 274 24
260 280 21
260 289 25
260 292 19
260 293 24
260 298 27
260 313 20
260 356 14
260 363 12
261 267 28
261 268 17
261 269 18
261 276 15
261 290 24
261 291 18
261 292 18
261 293 15
261 295 15
261 356 26
262 279 21
262 281 18
262 282 21
262 285 23
262 294 10
262 295 15
262 381 14
262 391 22
263 265 18
263 271 11
263 280 15
263 283 22
263 313 17
263 326 13
263 334 27
263 357 14
263 372 20
263 377 7
263 387 15
264 316 25
264 320 17
264 326 10
264 351 7
264 361 19
264 388 19
264 393 10
265 279 21
265 281 23
265 285 16
265 295 15
265 313 18
265 363 26
265 367 24
265 381 18
266 268 22
266 272 21
266 274 24
266 278 24
266 289 23
266 292 21
266 364 20
267 269 17
267 276 15
267 290 25
267 291 17
267 292 17
267 293 16
267 295 16
267 298 14
267 356 27
267 381 15
268 269 17
268 272 28
268 274 20
268 289 22
268 291 27
268 292 28
268 298 20
269 272 18
269 275 15
269 276 15
269 286 23
269 288 14
269 291 18
269 292 16
269 300 16
271 280 13
271 299 19
271 334 12
271 338 13
271 340 14
271 344 14
271 346 16
271 348 11
271 357 23
271 364 14
271 373 20
271 377 15
271 394 14
272 274 19
272 286 19
272 289 21
272 291 26
272 292 27
273 275 16
273 276 16
273 284 22
273 288 17
273 294 12
273 296 16
273 300 14
274 280 21
274 289 27
274 291 19
274 292 21
274 293 21
274 298 26
275 276 29
275 284 21
275 288 26
275 300 24
276 284 21
276 288 26
276 290 14
276 295 15
276 300 24
276 356 13
277 284 19
277 286 14
277 288 21
277 300 23
278 287 29
278 297 21
278 364 18
279 281 26
279 282 21
279 285 24
279 295 15
279 363 20
279 367 20
279 372 18
279 381 17
279 391 18
280 289 19
280 298 21
280 313 23
280 334 16
280 357 10
281 282 19
281 283 17
281 285 21
281 295 15
281 363 22
281 367 22
281 372 20
281 381 17
281 391 15
282 283 15
282 285 25
282 326 18
282 372 19
282 387 17
282 391 22
283 326 19
283 332 8
283 334 22
283 357 13
283 369 5
283 372 24
283 377 9
283 387 22
283 399 8
284 288 24
284 296 10
284 300 21
285 326 16
285 363 15
285 367 15
285 372 18
285 391 22
286 297 22
287 297 21
287 364 18
288 300 26
289 291 21
289 292 23
289 293 22
289 298 27
289 313 16
290 293 18
290 295 20
290 356 25
290 367 15
290 381 19
291 292 27
291 298 20
291 356 17
292 293 20
292 298 21
292 356 17
293 298 24
293 313 18
293 356 18
293 363 14
294 296 17
294 391 15
295 356 17
295 363 16
295 367 20
295 381 26
298 313 18
298 356 16
299 301 22
299 311 19
299 318 16
299 321 18
299 338 22
299 340 23
299 344 24
299 346 24
299 348 19
299 357 20
299 369 15
299 373 28
299 377 21
299 382 15
299 394 23
301 308 21
301 311 23
301 317 15
301 318 23
301 321 25
301 330 15
301 338 27
301 340 27
301 343 22
301 344 27
301 346 21
301 348 24
301 355 23
301 357 13
301 358 16
301 362 15
301 373 21
301 377 16
301 382 20
301 386 21
301 390 14
301 394 27
302 304 16
302 320 16
302 323 22
302 324 20
302 329 19
302 332 18
302 341 19
302 351 19
302 353 17
302 354 18
302 365 19
302 366 17
302 374 12
302 375 24
302 376 15
302 383 21
302 384 20
302 385 19
302 393 7
302 397 22
302 399 18
303 304 20
303 308 15
303 319 16
303 324 19
303 325 21
303 328 22
303 329 20
303 332 19
303 333 27
303 336 20
303 341 20
303 343 15
303 346 15
303 351 20
303 352 28
303 353 26
303 358 15
303 365 24
303 369 24
303 377 16
303 382 18
303 383 21
303 385 20
303 386 17
303 387 7
303 399 19
304 305 22
304 309 19
304 319 18
304 322 16
304 323 19
304 324 25
304 325 24
304 327 15
304 328 20
304 329 26
304 333 20
304 336 26
304 341 25
304 342 14
304 345 18
304 351 17
304 352 21
304 353 23
304 358 16
304 359 21
304 365 23
304 371 15
304 382 13
304 383 20
304 384 23
304 385 25
304 395 18
304 397 23
305 309 22
305 312 16
305 317 18
305 319 21
305 322 23
305 324 19
305 325 23
305 327 17
305 328 21
305 329 20
305 330 16
305 333 17
305 336 24
305 337 18
305 341 19
305 342 19
305 345 20
305 352 16
305 353 17
305 358 19
305 359 23
305 371 20
305 384 20
305 385 19
305 389 18
305 390 17
305 395 23
305 397 18
305 398 14
306 307 26
306 314 25
306 339 21
306 350 24
306 370 29
306 380 17
307 314 26
307 315 13
307 331 17
307 335 23
307 339 18
307 349 23
307 350 21
307 370 26
307 380 20
307 396 20
308 312 18
308 317 23
308 318 20
308 319 22
308 321 20
308 325 16
308 328 20
308 330 21
308 333 17
308 338 19
308 342 21
308 343 28
308 344 20
308 346 17
308 348 19
308 352 15
308 358 24
308 362 19
308 369 13
308 379 18
308 382 25
308 386 27
308 390 21
308 395 20
309 310 17
309 312 14
309 319 14
309 322 23
309 323 16
309 324 17
309 325 17
309 327 24
309 329 18
309 336 19
309 337 22
309 341 17
309 342 15
309 345 25
309 359 25
309 360 16
309 371 25
309 374 17
309 376 18
309 384 20
309 385 17
309 389 18
309 392 17
309 395 16
309 397 17
309 398 21
310 312 20
310 314 22
310 322 22
310 327 15
310 330 18
310 335 22
310 337 24
310 342 18
310 345 14
310 347 16
310 349 25
310 350 21
310 360 22
310 362 17
310 371 21
310 378 16
310 379 19
310 389 27
310 390 18
310 392 28
310 396 22
310 398 21
311 315 21
311 318 23
311 321 25
311 338 25
311 340 25
311 344 24
311 348 26
311 355 23
311 364 8
311 373 18
311 394 25
312 314 19
312 317 24
312 318 16
312 319 22
312 322 20
312 328 16
312 330 26
312 331 21
312 335 23
312 337 17
312 342 26
312 343 17
312 349 21
312 358 22
312 362 25
312 371 16
312 379 28
312 382 17
312 386 17
312 389 22
312 390 26
312 392 21
312 395 22
313 334 17
313 363 18
313 367 14
314 331 18
314 335 25
314 339 17
314 349 26
314 350 20
314 360 17
314 362 18
314 370 25
314 379 20
314 380 21
314 389 23
314 392 23
314 396 19
315 318 26
315 321 24
315 331 25
315 338 20
315 340 19
315 348 23
315 355 26
315 380 22
315 394 19
316 320 13
316 326 10
316 361 18
316 388 18
316 393 8
317 318 17
317 319 25
317 321 16
317 322 18
317 325 19
317 328 19
317 330 26
317 333 14
317 335 18
317 336 17
317 342 27
317 343 22
317 358 26
317 362 22
317 379 23
317 382 21
317 386 22
317 389 18
317 390 26
317 392 17
317 395 24
318 319 14
318 321 27
318 330 17
318 331 22
318 335 14
318 338 23
318 340 22
318 342 15
318 343 21
318 344 21
318 348 26
318 355 28
318 358 16
318 362 20
318 379 17
318 380 19
318 382 18
318 386 19
318 390 16
318 394 22
319 322 19
319 325 23
319 328 23
319 329 15
319 330 22
319 333 18
319 336 21
319 342 25
319 343 21
319 352 17
319 353 15
319 358 27
319 359 15
319 362 18
319 371 15
319 379 21
319 382 22
319 386 22
319 389 16
319 390 23
319 395 27
320 326 10
320 332 14
320 351 15
320 354 11
320 361 15
320 375 19
320 383 14
320 388 15
320 393 14
320 399 14
321 330 16
321 331 20
321 338 25
321 340 24
321 343 21
321 344 23
321 346 17
321 348 27
321 355 27
321 362 18
321 373 17
321 386 20
321 394 24
322 325 17
322 327 18
322 328 15
322 329 14
322 330 19
322 336 18
322 337 24
322 342 20
322 345 19
322 349 21
322 358 17
322 359 19
322 360 16
322 371 25
322 379 19
322 384 14
322 389 24
322 390 19
322 392 23
322 395 21
322 397 12
322 398 19
323 324 21
323 327 19
323 329 20
323 341 20
323 345 20
323 351 13
323 354 19
323 359 19
323 365 16
323 366 23
323 374 19
323 375 21
323 376 22
323 383 16
323 384 23
323 385 20
323 397 24
324 325 20
324 327 16
324 328 16
324 329 28
324 332 18
324 333 18
324 336 22
324 341 28
324 345 18
324 351 20
324 352 20
324 353 22
324 359 20
324 365 24
324 366 15
324 371 13
324 375 16
324 383 23
324 384 24
324 385 28
324 397 26
324 399 18
325 328 25
325 329 21
325 333 23
325 336 26
325 341 20
325 342 19
325 343 16
325 345 16
325 352 22
325 353 21
325 358 21
325 359 19
325 365 19
325 371 15
325 382 18
325 384 19
325 385 20
325 386 17
325 390 17
325 395 23
325 397 18
326 332 11
326 334 13
326 351 9
326 372 21
326 383 6
326 387 24
326 399 11
327 329 15
327 336 15
327 337 20
327 341 15
327 345 26
327 359 23
327 360 18
327 366 20
327 371 22
327 374 21
327 376 22
327 378 20
327 384 21
327 385 15
327 389 15
327 392 15
327 396 16
327 397 19
327 398 22
328 329 17
328 330 16
328 333 24
328 336 22
328 341 17
328 342 19
328 343 20
328 346 15
328 352 23
328 353 21
328 358 22
328 359 15
328 365 19
328 369 19
328 382 22
328 384 15
328 385 17
328 386 21
328 390 17
328 395 22
329 332 18
329 333 19
329 336 23
329 341 28
329 345 17
329 351 20
329 352 21
329 353 23
329 359 20
329 365 25
329 371 14
329 375 15
329 383 23
329 384 23
329 385 28
329 395 15
329 397 25
329 399 18
330 335 21
330 337 16
330 342 26
330 343 20
330 349 18
330 358 23
330 362 25
330 379 26
330 382 19
330 386 20
330 389 20
330 390 28
330 392 19
330 395 22
331 335 21
331 348 19
331 349 18
331 355 22
331 362 25
331 379 22
331 380 25
332 333 17
332 341 19
332 351 26
332 352 18
332 353 19
332 365 20
332 369 17
332 372 8
332 375 15
332 377 11
332 383 24
332 385 19
332 387 14
332 399 29
333 336 22
333 341 19
333 342 14
333 343 17
333 346 16
333 352 27
333 353 25
333 358 17
333 365 23
333 369 23
333 377 15
333 382 20
333 383 19
333 384 15
333 385 19
333 386 19
333 395 17
333 397 15
333 399 17
334 357 14
334 372 19
334 377 7
334 387 15
335 342 20
335 349 26
335 350 16
335 360 16
335 362 22
335 379 24
335 380 22
335 389 23
335 390 21
335 392 23
335 396 17
336 341 22
336 342 17
336 345 18
336 352 21
336 353 22
336 358 19
336 359 21
336 365 20
336 371 16
336 382 15
336 383 17
336 384 21
336 385 22
336 386 14
336 389 13
336 395 21
336 397 20
337 342 17
337 345 19
337 349 21
337 350 20
337 359 18
337 360 21
337 371 26
337 374 14
337 376 13
337 378 18
337 379 16
337 384 13
337 389 24
337 390 16
337 392 24
337 395 17
337 396 21
337 398 24
338 340 28
338 343 20
338 344 27
338 346 20
338 348 26
338 355 23
338 357 13
338 373 21
338 377 16
338 382 18
338 386 19
338 394 28
339 347 25
339 350 25
339 360 22
339 370 21
339 378 21
339 396 24
339 400 25
340 344 28
340 346 21
340 348 25
340 355 22
340 357 14
340 373 22
340 394 29
341 345 17
341 351 21
341 352 21
341 353 23
341 359 19
341 365 25
341 369 16
341 375 15
341 383 24
341 384 23
341 385 29
341 397 25
341 399 19
342 343 20
342 358 25
342 359 14
342 362 22
342 371 16
342 379 25
342 382 20
342 386 20
342 389 20
342 390 27
342 392 19
342 395 25
343 344 21
343 346 18
343 348 20
343 352 15
343 358 23
343 362 18
343 369 13
343 379 17
343 382 25
343 386 27
343 390 20
343 394 20
343 395 19
344 346 22
344 348 24
344 355 21
344 357 15
344 373 23
344 377 18
344 386 20
344 394 28
345 353 12
345 359 26
345 366 19
345 371 22
345 374 19
345 376 20
345 384 23
345 385 17
345 389 15
345 392 14
345 395 14
345 397 20
345 398 21
346 352 15
346 353 13
346 357 18
346 358 14
346 365 11
346 369 18
346 373 23
346 377 23
346 382 19
346 386 19
346 394 21
347 350 22
347 360 23
347 368 21
347 370 18
347 374 17
347 378 24
347 396 22
347 398 20
347 400 28
348 355 26
348 373 18
348 394 25
349 350 19
349 360 19
349 362 19
349 371 19
349 379 21
349 380 19
349 389 26
349 390 18
349 392 26
349 396 20
349 398 17
350 360 26
350 368 14
350 370 24
350 378 21
350 389 19
350 392 20
350 396 28
350 398 21
350 400 21
351 352 19
351 353 20
351 365 22
351 369 18
351 375 16
351 383 26
351 385 21
351 387 11
351 397 18
351 399 26
352 353 27
352 358 16
352 359 14
352 365 25
352 369 24
352 377 15
352 382 18
352 383 21
352 384 16
352 385 21
352 386 17
352 395 16
352 397 17
352 399 18
353 358 14
353 359 15
353 365 27
353 369 22
353 377 13
353 382 16
353 383 23
353 384 18
353 385 23
353 386 15
353 395 15
353 397 19
353 399 19
354 366 23
354 368 16
354 374 18
354 375 19
354 376 21
354 378 12
354 393 14
355 362 20
355 380 19
355 394 22
356 381 16
357 369 11
357 373 21
357 377 20
357 394 14
358 362 19
358 379 21
358 382 24
358 386 24
358 389 16
358 390 24
358 395 25
359 366 17
359 371 21
359 374 17
359 376 18
359 384 24
359 385 19
359 389 14
359 392 13
359 395 17
359 397 21
359 398 19
360 368 16
360 371 19
360 374 17
360 376 15
360 378 23
360 389 20
360 392 21
360 396 27
360 398 24
360 400 22
361 375 7
361 388 29
361 393 17
362 379 26
362 380 22
362 382 17
362 386 18
362 389 18
362 390 24
362 392 18
362 395 18
363 367 25
363 381 19
365 369 20
365 375 15
365 377 11
365 382 14
365 383 25
365 384 19
365 385 25
365 397 21
365 399 20
366 368 18
366 374 23
366 375 17
366 376 26
366 378 17
366 384 18
366 397 18
366 398 14
367 381 23
368 374 20
368 376 18
368 378 21
368 396 14
368 398 16
368 400 20
369 373 14
369 377 20
369 382 17
369 383 17
369 385 16
369 386 15
369 399 17
370 380 17
370 396 23
370 400 18
371 374 16
371 376 15
371 379 15
371 384 16
371 389 22
371 390 15
371 392 21
371 395 17
371 396 19
371 397 13
371 398 22
372 387 22
372 399 8
373 377 21
373 394 22
374 376 26
374 378 22
374 384 17
374 398 19
375 376 15
375 383 17
375 385 15
375 388 7
375 393 12
375 397 18
375 399 15
376 378 19
376 384 19
376 397 18
376 398 17
377 382 15
377 383 10
377 386 14
377 387 11
377 394 17
377 399 11
378 392 15
378 396 21
378 398 23
378 400 23
379 380 20
379 382 17
379 386 17
379 389 21
379 390 26
379 392 20
379 395 21
382 386 27
382 390 20
382 395 20
383 384 18
383 385 24
383 387 9
383 397 21
383 399 24
384 385 23
384 395 15
384 397 26
385 397 25
385 399 19
386 390 20
386 395 20
387 399 14
388 393 17
389 390 20
389 392 28
389 395 18
389 396 20
389 398 20
390 392 19
390 395 23
392 396 21
392 398 20
396 398 22
396 400 21
397 399 16
