1 163 12
1 270 13
1 471 8
2 4 6
2 5 8
2 132 10
2 155 8
2 157 8
2 201 11
2 212 11
2 282 6
2 368 10
2 374 5
2 378 9
2 418 10
2 424 7
2 470 6
3 27 7
3 28 10
3 43 9
3 74 9
3 103 11
3 119 10
3 196 6
3 200 9
3 224 3
3 225 7
3 237 5
3 283 10
3 310 14
3 392 8
3 415 9
3 491 8
4 90 11
4 107 12
4 132 6
4 157 8
4 347 12
4 378 12
4 400 10
4 417 11
4 424 11
4 480 12
4 514 10
5 33 9
5 132 7
5 155 10
5 201 13
5 203 13
5 208 11
5 212 12
5 221 10
5 368 10
5 418 9
5 470 11
6 116 8
6 183 8
6 339 8
6 409 12
6 490 10
6 507 8
6 508 7
6 525 7
6 533 8
6 535 8
6 540 7
6 549 10
6 1070 8
7 147 14
7 228 9
7 361 13
7 388 16
7 460 14
8 24 8
8 58 8
8 81 10
8 166 12
8 218 10
8 284 12
8 288 9
8 351 8
8 428 13
8 436 8
8 449 12
8 488 7
8 489 6
9 30 15
9 31 7
9 77 10
9 82 8
9 117 6
9 152 14
9 185 11
9 187 11
9 391 11
9 430 13
9 473 10
9 481 7
9 492 6
10 41 12
10 50 10
10 128 10
10 192 10
10 233 11
10 243 12
10 261 13
10 267 10
10 290 11
10 303 7
10 333 14
10 352 8
10 410 15
10 416 8
10 427 12
10 459 9
10 472 11
11 13 3
11 126 9
11 144 6
11 164 7
11 191 9
11 210 9
11 252 6
11 257 9
11 305 11
11 325 10
11 336 10
11 458 6
11 475 9
11 479 9
11 485 5
12 182 7
12 234 9
12 245 7
12 251 13
12 259 11
12 260 9
12 293 13
12 298 12
12 308 15
12 317 8
12 343 14
12 358 11
12 386 13
12 426 6
12 477 11
12 482 10
13 42 10
13 57 11
13 106 11
13 137 7
13 144 7
13 202 9
13 213 13
13 219 12
13 227 10
13 238 9
13 252 11
13 265 7
13 305 7
13 395 9
13 408 12
13 414 6
14 19 10
14 32 14
14 35 10
14 51 8
14 60 5
14 69 10
14 80 11
14 84 10
14 151 10
14 175 10
14 209 12
14 303 9
14 369 9
14 435 13
15 29 10
15 73 10
15 122 11
15 136 13
15 169 5
15 186 14
15 229 13
15 279 12
15 281 9
15 285 8
15 309 8
15 327 12
15 345 11
15 359 7
15 457 12
16 20 9
16 97 6
16 134 7
16 171 9
16 172 8
16 193 10
16 211 6
16 280 10
16 331 6
16 425 11
16 441 7
16 443 5
16 590 5
17 278 14
17 287 10
17 311 9
17 401 11
17 553 6
17 554 10
17 555 6
17 558 11
17 561 6
17 569 9
17 577 13
17 582 10
17 583 6
17 584 10
17 589 13
17 592 6
18 37 6
18 45 6
18 129 10
18 161 7
18 168 7
18 178 7
18 207 8
18 295 8
18 304 8
18 324 12
18 329 15
18 341 12
18 384 7
18 385 9
18 397 8
18 407 10
18 483 7
19 32 10
19 35 11
19 51 7
19 80 13
19 84 12
19 128 7
19 151 11
19 167 7
19 175 14
19 209 10
19 303 8
19 346 9
19 369 14
19 377 9
19 486 8
20 97 13
20 171 8
20 172 9
20 193 11
20 240 6
20 241 9
20 253 11
20 274 9
20 280 7
20 318 11
20 425 7
20 568 9
21 64 6
21 71 5
21 81 8
21 83 9
21 135 6
21 154 6
21 166 8
21 180 14
21 218 9
21 351 10
21 428 7
21 461 6
21 467 5
21 474 5
22 38 11
22 59 15
22 92 13
22 93 6
22 159 8
22 169 9
22 170 12
22 239 8
22 262 11
22 345 5
22 403 11
22 420 16
22 447 7
22 484 8
22 494 8
23 47 12
23 52 14
23 118 11
23 190 13
23 196 13
23 200 10
23 214 6
23 225 7
23 249 11
23 263 13
23 335 10
23 349 12
23 392 8
23 429 15
23 433 7
23 491 7
23 943 15
24 83 7
24 85 7
24 115 7
24 131 13
24 140 7
24 166 9
24 218 8
24 275 9
24 288 14
24 300 10
24 332 11
24 399 10
24 449 11
24 463 8
24 489 8
24 500 8
25 53 9
25 79 6
25 88 4
25 105 10
25 215 11
25 217 11
25 242 12
25 272 4
25 291 4
25 344 6
25 357 10
25 373 13
25 450 11
25 469 15
25 498 11
25 571 9
26 54 5
26 644 12
26 661 13
26 679 10
26 716 8
26 766 5
26 774 6
26 788 13
26 850 11
26 871 8
26 895 10
26 898 7
26 905 9
26 911 12
26 996 13
26 1086 12
27 28 7
27 43 6
27 49 9
27 119 7
27 224 12
27 254 10
27 256 8
27 310 5
27 360 8
27 398 9
27 415 8
27 432 10
28 43 15
28 74 15
28 103 11
28 119 16
28 200 5
28 283 14
28 310 9
28 350 11
28 360 8
28 396 13
28 405 12
28 415 14
28 451 10
28 507 10
29 34 8
29 39 12
29 99 11
29 120 10
29 136 13
29 165 12
29 186 10
29 229 10
29 279 12
29 285 13
29 327 13
29 398 7
29 457 13
29 466 14
30 31 8
30 77 10
30 82 8
30 117 6
30 152 13
30 185 10
30 187 10
30 372 7
30 391 10
30 430 13
30 473 9
31 58 11
31 82 12
31 140 12
31 326 12
31 387 10
31 445 8
31 463 13
31 473 10
31 478 12
31 481 13
31 489 11
32 35 8
32 51 9
32 60 7
32 69 12
32 80 11
32 84 8
32 151 8
32 175 10
32 209 13
32 276 3
32 303 7
32 369 9
32 411 3
32 435 14
32 500 6
33 113 11
33 121 10
33 127 12
33 155 8
33 203 12
33 212 7
33 255 10
33 354 10
33 366 9
33 374 7
33 376 9
33 404 10
33 413 10
33 470 12
34 39 12
34 63 15
34 99 12
34 120 14
34 157 8
34 165 11
34 224 9
34 254 12
34 282 10
34 285 8
34 398 12
34 432 11
35 41 8
35 80 9
35 84 15
35 128 12
35 151 16
35 167 10
35 175 10
35 192 7
35 233 7
35 261 9
35 303 13
35 369 13
35 427 7
36 44 15
36 64 5
36 71 10
36 102 13
36 135 14
36 139 15
36 142 12
36 154 14
36 223 11
36 239 6
36 302 13
36 375 10
36 421 12
36 447 6
36 461 12
36 496 13
37 45 15
37 86 7
37 126 12
37 174 8
37 178 11
37 191 12
37 210 12
37 257 12
37 295 12
37 304 14
37 336 11
37 407 6
37 475 13
37 476 7
37 479 12
37 483 13
38 59 12
38 92 13
38 170 10
38 223 6
38 239 13
38 262 9
38 323 10
38 384 6
38 397 7
38 403 9
38 420 11
38 421 7
38 447 11
38 494 8
39 49 8
39 63 11
39 66 6
39 99 14
39 120 14
39 136 9
39 165 15
39 256 9
39 279 8
39 285 10
39 327 9
39 398 11
39 432 10
39 457 9
39 466 12
40 153 14
40 574 8
40 587 12
40 599 15
40 600 10
40 638 12
40 680 9
40 728 10
40 875 8
40 887 12
40 1005 11
40 1009 9
40 1043 9
40 1097 9
41 50 11
41 62 7
41 128 12
41 151 8
41 167 13
41 192 14
41 243 10
41 261 15
41 267 12
41 303 9
41 333 10
41 410 11
41 427 10
41 472 11
42 57 15
42 106 10
42 111 10
42 137 11
42 173 10
42 202 13
42 213 11
42 219 14
42 227 16
42 238 14
42 319 8
42 342 11
42 395 13
42 408 14
42 456 5
42 487 12
43 74 16
43 103 11
43 119 15
43 179 11
43 200 5
43 283 14
43 310 9
43 350 12
43 360 8
43 396 14
43 405 13
43 415 14
43 451 11
43 507 11
44 64 5
44 71 9
44 102 12
44 135 13
44 139 14
44 142 11
44 154 14
44 223 11
44 239 7
44 302 12
44 421 13
44 447 7
44 461 11
44 467 3
44 496 14
45 126 13
45 174 7
45 178 11
45 191 13
45 210 13
45 257 13
45 295 12
45 304 14
45 325 12
45 336 12
45 407 5
45 475 14
45 476 6
45 479 13
45 483 13
46 110 8
46 515 6
46 521 6
46 526 7
46 530 6
46 704 10
46 715 10
46 726 13
46 798 12
46 928 8
46 1004 13
46 1011 11
46 1033 9
46 1038 14
47 52 12
47 68 10
47 103 5
47 190 12
47 196 13
47 200 10
47 249 14
47 263 15
47 314 10
47 335 10
47 349 16
47 429 12
47 943 13
48 95 15
48 160 12
48 194 8
48 195 10
48 286 7
48 313 7
48 334 7
48 423 11
48 556 12
48 557 7
49 61 8
49 120 10
49 165 9
49 224 12
49 254 10
49 256 14
49 337 10
49 398 13
49 432 13
50 56 13
50 62 10
50 167 9
50 182 6
50 192 12
50 243 14
50 261 10
50 267 15
50 290 10
50 328 9
50 333 9
50 382 10
50 410 11
50 472 15
51 69 10
51 80 10
51 175 9
51 181 15
51 209 12
51 236 9
51 258 8
51 431 8
51 435 7
51 446 9
51 452 11
51 486 10
52 68 10
52 118 9
52 190 11
52 196 11
52 211 5
52 214 7
52 249 12
52 263 13
52 335 12
52 349 12
52 429 14
52 433 8
52 943 15
53 79 12
53 215 11
53 217 11
53 236 7
53 242 10
53 269 13
53 346 7
53 357 9
53 377 9
53 450 9
53 452 7
53 469 8
53 486 8
53 498 9
54 138 6
54 246 8
54 315 5
54 331 7
54 441 8
54 443 6
54 590 6
54 593 11
54 644 5
54 766 7
54 850 7
54 1005 5
54 1086 6
54 1097 7
55 87 11
55 112 11
55 152 10
55 185 13
55 187 11
55 228 8
55 244 8
55 316 8
55 391 11
55 492 11
56 98 4
56 182 8
56 243 13
56 245 4
56 267 12
56 290 11
56 328 12
56 382 8
56 410 10
56 472 13
56 499 7
57 106 11
57 111 10
57 137 11
57 202 13
57 213 12
57 219 15
57 227 15
57 238 13
57 252 6
57 342 10
57 395 13
57 408 15
57 487 11
58 82 11
58 140 11
58 284 7
58 326 11
58 387 9
58 428 5
58 449 10
58 463 12
58 478 11
58 481 13
58 488 6
58 489 14
59 92 13
59 159 7
59 169 9
59 170 13
59 239 9
59 262 10
59 345 5
59 384 7
59 403 10
59 420 15
59 447 8
59 484 8
59 494 9
60 69 8
60 115 8
60 131 6
60 209 5
60 230 5
60 275 9
60 276 10
60 332 7
60 399 8
60 411 9
60 412 8
60 435 8
60 455 7
60 500 11
61 109 11
61 141 8
61 145 9
61 224 5
61 231 10
61 237 7
61 256 7
61 322 8
61 337 14
61 371 8
61 389 8
61 398 5
61 491 5
61 493 11
62 167 7
62 192 8
62 198 6
62 205 7
62 206 5
62 267 10
62 291 4
62 382 10
62 426 8
63 99 12
63 120 13
63 157 9
63 165 10
63 254 12
63 282 10
63 398 12
63 432 11
63 453 7
64 78 9
64 129 7
64 135 7
64 154 7
64 161 8
64 180 8
64 324 7
64 341 6
64 383 5
64 385 8
64 454 5
64 467 14
64 496 7
65 106 7
65 111 7
65 118 2
65 225 3
65 238 10
65 312 9
65 342 9
65 379 7
65 406 8
65 433 5
65 456 9
66 73 9
66 136 10
66 145 13
66 165 7
66 186 10
66 229 11
66 256 7
66 279 12
66 281 14
66 309 9
66 322 8
66 337 8
66 371 11
66 457 11
66 466 10
66 493 7
67 105 10
67 195 8
67 199 10
67 215 11
67 217 11
67 236 6
67 286 11
67 334 4
67 357 13
67 450 12
67 498 12
67 557 9
68 76 4
68 134 6
68 249 12
68 263 10
68 314 13
68 335 14
68 349 10
68 462 10
68 502 10
68 610 6
68 943 10
69 80 8
69 131 4
69 181 9
69 209 12
69 300 3
69 431 8
69 435 11
69 500 9
70 123 11
70 156 11
70 246 6
70 266 9
70 315 9
70 355 9
70 438 10
70 553 7
70 574 7
70 584 5
70 592 11
70 803 12
71 102 11
71 135 12
71 139 11
71 142 11
71 143 10
71 154 10
71 220 5
71 302 13
71 375 13
71 461 14
71 468 6
71 474 6
72 81 7
72 91 10
72 130 15
72 150 8
72 188 8
72 220 11
72 273 13
72 284 7
72 320 13
72 436 12
72 439 11
72 474 11
72 488 9
73 122 10
73 141 8
73 145 9
73 186 11
73 229 11
73 279 9
73 281 11
73 309 14
73 322 9
73 345 8
73 359 8
73 371 11
73 457 8
73 458 6
73 485 8
74 103 11
74 119 15
74 179 11
74 283 14
74 310 9
74 350 12
74 360 8
74 396 14
74 405 13
74 415 14
74 451 11
74 507 11
75 250 7
75 311 8
75 340 13
75 344 8
75 394 9
75 401 6
75 553 8
75 554 9
75 565 7
75 571 8
75 589 5
76 101 7
76 138 9
76 148 8
76 271 11
76 307 9
76 314 4
76 380 8
76 443 7
76 462 10
76 502 8
76 560 6
76 667 12
76 674 9
76 766 7
76 912 9
77 117 12
77 152 9
77 187 8
77 204 7
77 226 9
77 277 9
77 363 8
77 367 8
77 372 7
77 391 8
77 430 13
78 129 11
78 161 14
78 207 9
78 230 10
78 247 6
78 324 8
78 341 9
78 353 6
78 365 10
78 383 9
78 385 11
78 412 8
78 454 11
78 455 10
78 467 11
79 215 8
79 217 8
79 242 8
79 269 13
79 346 11
79 357 6
79 377 11
79 452 9
79 486 10
80 84 10
80 151 9
80 175 15
80 181 11
80 209 12
80 369 12
80 377 10
80 452 9
80 486 9
81 83 7
81 166 10
81 180 7
81 218 8
81 220 5
81 273 8
81 284 12
81 351 8
81 428 13
81 436 10
81 449 7
81 474 9
82 87 7
82 140 9
82 326 9
82 463 9
82 473 13
82 478 9
82 481 14
82 489 10
82 492 7
83 115 12
83 166 13
83 180 10
83 218 15
83 247 10
83 275 11
83 288 8
83 332 11
83 351 14
83 383 7
83 399 11
83 412 7
83 428 8
83 454 5
84 128 11
84 151 15
84 167 9
84 175 11
84 192 6
84 303 12
84 369 14
84 377 6
85 131 6
85 140 11
85 248 10
85 300 12
85 326 11
85 372 8
85 387 13
85 431 10
85 445 15
85 446 5
85 463 10
85 478 11
85 500 5
86 174 15
86 207 7
86 222 12
86 352 9
86 353 10
86 365 6
86 407 9
86 416 9
86 459 8
86 465 9
86 476 16
86 495 12
87 152 8
87 185 10
87 228 9
87 244 12
87 316 10
87 473 10
87 488 6
87 492 16
88 198 10
88 205 9
88 206 10
88 268 13
88 272 16
88 291 12
88 292 10
88 301 12
88 338 10
88 344 11
88 394 9
88 422 10
88 442 12
88 469 4
88 497 10
88 552 9
89 104 11
89 116 6
89 148 9
89 183 13
89 307 7
89 502 5
89 525 12
89 536 9
89 549 10
89 610 8
89 668 14
89 1070 13
90 107 15
90 157 5
90 179 8
90 347 11
90 360 7
90 378 8
90 405 7
90 417 13
90 424 8
90 480 11
90 514 15
91 130 9
91 149 10
91 184 8
91 188 13
91 220 13
91 273 10
91 296 9
91 320 12
91 375 4
91 434 10
91 436 7
91 439 13
91 448 10
91 468 13
91 474 10
92 159 6
92 169 7
92 170 10
92 239 10
92 262 12
92 323 10
92 403 12
92 420 13
92 421 4
92 437 5
92 447 8
93 113 8
93 159 11
93 255 9
93 262 10
93 366 9
93 374 10
93 376 11
93 403 10
93 420 6
93 437 7
93 453 6
94 124 7
94 142 8
94 143 12
94 158 14
94 177 11
94 294 12
94 354 8
94 375 7
94 404 5
94 437 6
94 448 4
95 160 12
95 194 8
95 313 7
95 423 11
95 444 6
95 556 12
96 114 11
96 164 6
96 168 15
96 169 7
96 170 6
96 178 11
96 257 7
96 295 9
96 336 7
96 359 5
96 384 10
96 483 8
96 484 9
96 494 9
97 171 6
97 172 8
97 193 9
97 216 7
97 240 8
97 241 12
97 253 12
97 274 11
97 289 9
97 318 14
97 568 11
98 137 9
98 182 7
98 202 7
98 245 15
98 251 7
98 319 10
98 328 7
98 358 9
98 386 7
98 395 7
98 499 5
99 120 12
99 136 8
99 165 13
99 256 7
99 282 12
99 285 12
99 327 9
99 398 9
99 432 8
99 453 11
99 457 8
99 466 11
100 108 12
100 198 8
100 206 9
100 216 13
100 240 7
100 241 5
100 268 10
100 289 8
100 292 12
100 301 10
100 318 6
100 422 11
100 442 9
100 497 8
100 552 12
100 568 8
101 148 6
101 271 7
101 299 14
101 307 8
101 511 5
101 524 7
101 560 12
101 667 8
101 733 6
101 912 12
102 135 12
102 139 14
102 142 15
102 143 11
102 154 11
102 158 7
102 223 12
102 239 6
102 302 14
102 323 5
102 375 11
102 421 12
102 461 11
102 496 10
103 119 11
103 196 7
103 200 10
103 283 12
103 310 11
103 349 5
103 392 5
103 396 9
103 415 9
103 451 8
103 491 5
103 507 8
104 148 5
104 183 9
104 306 7
104 370 10
104 409 8
104 525 15
104 531 6
104 533 11
104 536 14
104 549 12
104 668 13
104 810 8
104 1070 12
105 199 15
105 215 12
105 217 12
105 250 11
105 286 14
105 357 13
105 373 12
105 450 14
105 469 11
105 498 14
105 557 14
105 565 9
105 571 9
106 111 14
106 144 5
106 213 13
106 219 12
106 227 10
106 238 11
106 252 8
106 265 9
106 389 3
106 408 10
106 414 6
107 179 7
107 347 12
107 378 8
107 400 9
107 417 14
107 424 9
107 480 12
107 514 14
108 206 7
108 216 12
108 240 8
108 241 9
108 253 6
108 274 9
108 289 12
108 292 8
108 301 6
108 318 9
108 422 7
108 552 9
108 568 10
109 141 9
109 145 7
109 225 6
109 231 15
109 237 11
109 265 8
109 322 9
109 337 9
109 371 7
109 389 13
109 392 6
109 414 6
109 491 7
109 493 12
110 511 10
110 515 12
110 521 11
110 524 8
110 526 14
110 530 7
110 534 11
110 542 14
110 660 6
110 726 11
110 733 9
110 798 7
110 813 9
110 1017 6
110 1038 10
111 213 11
111 219 11
111 227 10
111 231 5
111 237 4
111 238 11
111 265 9
111 389 5
111 414 4
112 185 12
112 187 15
112 391 15
113 127 10
113 155 8
113 203 9
113 255 15
113 354 8
113 366 13
113 374 9
113 376 12
113 413 7
113 437 8
113 470 11
114 122 6
114 164 10
114 168 10
114 169 9
114 170 8
114 178 6
114 305 4
114 345 4
114 359 9
114 384 8
114 484 12
114 485 6
114 494 8
115 166 9
115 218 11
115 247 12
115 275 14
115 276 9
115 288 9
115 332 12
115 351 10
115 383 10
115 399 13
115 411 8
115 412 11
115 454 8
115 455 7
116 183 9
116 283 8
116 314 2
116 350 10
116 409 10
116 451 12
116 490 14
116 507 12
116 610 8
116 1070 7
117 133 8
117 152 5
117 204 11
117 226 12
117 277 13
117 363 11
117 367 10
117 372 9
117 402 9
117 419 8
117 430 9
118 190 14
118 196 12
118 200 9
118 225 12
118 237 7
118 263 10
118 349 10
118 389 6
118 392 12
118 429 11
118 491 11
118 943 10
119 283 14
119 310 9
119 350 11
119 360 8
119 396 13
119 405 12
119 415 14
119 451 10
119 507 10
120 165 13
120 224 10
120 254 11
120 256 10
120 285 8
120 398 13
120 432 12
120 466 10
121 124 10
121 127 13
121 177 10
121 189 10
121 203 7
121 294 8
121 354 13
121 404 16
121 413 16
121 440 11
122 164 6
122 169 8
122 186 9
122 229 9
122 309 8
122 345 13
122 359 11
122 420 3
122 484 8
122 485 6
123 156 12
123 172 9
123 246 8
123 266 9
123 315 10
123 355 12
123 438 7
123 441 6
123 592 7
123 803 9
124 149 6
124 158 7
124 177 9
124 189 14
124 294 11
124 296 7
124 354 9
124 393 8
124 404 10
124 413 10
124 440 13
125 132 10
125 146 10
125 162 13
125 208 13
125 221 10
125 264 12
125 270 8
125 368 12
125 418 12
125 547 13
126 174 6
126 178 10
126 191 16
126 210 16
126 257 14
126 295 11
126 304 11
126 325 15
126 336 13
126 465 7
126 475 15
126 479 16
126 483 12
126 499 6
127 158 8
127 177 11
127 203 8
127 255 9
127 294 8
127 354 14
127 366 10
127 376 6
127 404 13
127 413 13
127 470 8
128 151 12
128 167 13
128 192 11
128 233 9
128 261 13
128 267 8
128 303 13
128 369 9
128 410 9
128 427 9
128 472 8
129 161 13
129 207 11
129 324 13
129 329 10
129 341 14
129 365 6
129 385 15
129 397 5
129 407 10
129 467 8
130 150 9
130 220 10
130 244 6
130 273 13
130 320 12
130 436 12
130 439 10
130 474 11
130 488 10
131 275 10
131 288 13
131 300 10
131 332 12
131 399 11
131 431 6
131 449 8
131 463 5
131 500 11
132 146 12
132 201 10
132 208 11
132 212 8
132 264 12
132 347 7
132 368 13
132 378 7
132 418 14
132 424 11
132 480 7
133 194 10
133 195 7
133 204 12
133 226 10
133 248 8
133 258 8
133 277 10
133 313 9
133 334 11
133 372 7
133 402 15
133 419 15
133 446 8
134 171 9
134 193 8
134 211 12
134 214 11
134 280 10
134 335 8
134 380 2
134 433 10
134 462 6
135 139 13
135 142 11
135 154 14
135 180 5
135 223 9
135 302 13
135 375 10
135 421 10
135 461 14
135 496 11
136 165 9
136 186 13
136 229 13
136 279 14
136 281 9
136 285 11
136 327 15
136 345 8
136 457 15
136 466 12
137 173 9
137 202 14
137 219 10
137 227 11
137 245 8
137 319 11
137 328 5
137 358 4
137 395 14
137 408 11
137 487 10
137 499 4
138 271 13
138 331 10
138 380 12
138 443 12
138 462 6
138 590 12
138 667 12
138 674 14
138 766 14
138 850 9
138 871 10
138 912 9
139 142 13
139 143 9
139 154 13
139 223 12
139 302 14
139 375 11
139 421 12
139 461 12
139 496 12
140 300 10
140 326 15
140 372 8
140 387 14
140 445 12
140 449 7
140 463 15
140 478 15
140 481 10
140 489 13
141 144 10
141 145 9
141 231 8
141 252 6
141 265 8
141 281 7
141 309 10
141 322 14
141 371 11
141 414 10
141 458 10
141 485 9
141 493 13
142 143 12
142 158 8
142 223 11
142 302 13
142 323 5
142 375 12
142 421 11
142 461 10
143 158 11
143 177 8
143 223 8
143 294 8
143 302 9
143 375 11
143 468 4
144 164 8
144 213 6
144 252 12
144 265 9
144 305 8
144 309 7
144 322 9
144 414 14
144 458 15
144 485 12
144 493 7
145 186 8
145 229 9
145 256 7
145 279 9
145 281 13
145 309 10
145 322 11
145 337 10
145 371 14
145 466 7
145 493 10
146 208 8
146 264 14
146 347 9
146 368 9
146 400 11
146 417 7
146 418 10
146 424 13
146 480 9
146 547 11
147 149 10
147 150 10
147 184 13
147 188 11
147 296 9
147 320 9
147 361 13
147 388 14
147 393 10
147 434 10
147 439 11
147 448 10
147 460 15
148 183 9
148 299 5
148 307 14
148 502 8
148 525 5
148 610 7
148 668 7
148 912 6
148 1070 7
149 184 13
149 188 13
149 296 15
149 320 8
149 393 12
149 434 15
149 439 10
149 448 15
149 460 11
149 468 11
150 228 10
150 244 9
150 316 11
150 320 10
150 361 13
150 388 10
150 439 10
150 460 9
151 167 10
151 175 10
151 192 7
151 233 7
151 261 9
151 303 13
151 369 13
151 427 7
152 185 13
152 187 13
152 391 13
152 430 12
152 473 10
152 492 8
153 579 6
153 587 12
153 593 7
153 599 14
153 600 11
153 666 9
153 680 10
153 754 9
153 887 12
153 1005 11
153 1009 10
153 1043 9
153 1097 11
154 180 5
154 223 10
154 302 12
154 421 11
154 447 6
154 461 12
154 467 5
154 496 13
155 157 3
155 201 9
155 203 9
155 212 12
155 255 9
155 282 5
155 374 12
155 376 11
155 453 6
155 470 12
156 172 9
156 240 9
156 246 5
156 266 12
156 274 7
156 315 6
156 321 7
156 348 7
156 355 13
156 464 4
156 592 8
156 803 10
157 254 8
157 282 8
157 378 11
157 424 4
158 177 13
158 294 11
158 323 5
158 354 10
158 366 5
158 404 7
158 437 7
159 262 8
159 285 5
159 374 6
159 376 6
159 403 8
159 420 8
159 453 7
160 194 12
160 195 9
160 313 11
160 423 8
160 444 9
160 556 8
161 207 11
161 230 8
161 324 10
161 329 7
161 341 11
161 353 5
161 365 9
161 383 7
161 385 13
161 407 9
161 412 6
161 454 9
161 467 10
162 163 5
162 208 13
162 221 12
162 264 9
162 270 10
162 547 11
163 189 9
163 270 11
163 440 10
164 168 6
164 252 6
164 305 8
164 359 11
164 414 6
164 458 9
164 484 7
164 485 11
165 256 10
165 279 8
165 327 9
165 398 11
165 432 10
165 457 9
165 466 12
166 180 8
166 218 14
166 275 9
166 284 8
166 288 10
166 332 10
166 351 12
166 399 10
166 428 11
166 449 10
167 192 13
167 261 12
167 267 10
167 303 10
167 369 9
167 472 9
168 170 5
168 178 12
168 257 8
168 295 10
168 336 8
168 359 4
168 384 9
168 483 9
168 484 8
168 494 8
169 170 12
169 345 10
169 359 9
169 384 7
169 420 9
169 484 13
169 494 9
170 262 7
170 384 10
170 397 6
170 420 12
170 447 7
170 484 11
170 494 12
171 193 13
171 211 11
171 214 9
171 253 7
171 280 14
171 362 12
171 379 9
171 433 8
172 246 7
172 274 9
172 315 6
172 318 7
172 331 4
172 355 12
172 425 9
172 441 8
172 568 8
173 202 10
173 219 8
173 227 10
173 232 9
173 234 7
173 238 8
173 317 8
173 319 12
173 342 11
173 358 7
173 390 9
173 395 9
173 456 10
173 482 7
173 487 13
174 207 6
174 222 11
174 304 8
174 352 9
174 353 9
174 407 8
174 416 9
174 459 8
174 465 10
174 475 7
174 476 15
174 483 5
174 495 12
175 181 10
175 209 11
175 369 13
175 377 10
175 452 9
175 486 9
176 232 11
176 234 13
176 241 5
176 253 7
176 260 15
176 293 10
176 298 11
176 308 9
176 317 12
176 330 11
176 362 8
176 390 10
176 406 8
176 456 7
176 477 13
176 482 12
177 294 13
177 354 13
177 366 6
177 404 10
177 413 10
177 437 7
178 191 10
178 257 12
178 295 14
178 304 10
178 336 12
178 384 7
178 475 10
178 479 10
178 483 13
178 494 6
179 350 14
179 360 9
179 396 13
179 405 14
179 409 6
179 415 10
179 451 12
179 490 9
179 507 12
179 514 9
180 218 9
180 247 8
180 351 11
180 428 6
180 461 4
180 467 7
181 209 11
181 236 10
181 258 9
181 377 8
181 431 7
181 446 9
181 452 12
181 486 11
182 243 6
182 245 8
182 251 10
182 259 7
182 267 6
182 328 9
182 343 7
182 382 12
182 386 10
182 426 8
182 472 6
183 307 7
183 314 3
183 409 11
183 451 5
183 490 8
183 502 5
183 507 5
183 525 10
183 549 9
183 610 10
183 668 11
183 1070 13
184 188 11
184 296 12
184 361 10
184 388 12
184 393 13
184 434 12
184 439 10
184 448 12
184 460 14
184 468 8
185 187 13
185 391 13
185 430 9
185 473 9
185 492 10
186 229 15
186 279 14
186 281 11
186 285 8
186 309 9
186 327 12
186 345 9
186 371 8
186 457 13
186 466 10
187 381 6
187 391 16
187 430 10
188 220 10
188 273 7
188 296 12
188 320 11
188 375 3
188 393 10
188 434 13
188 439 13
188 448 13
188 460 11
188 468 12
189 393 8
189 404 10
189 413 10
189 440 15
190 196 14
190 200 11
190 225 10
190 237 6
190 249 10
190 263 12
190 349 12
190 392 11
190 429 12
190 491 10
190 943 12
191 210 16
191 257 14
191 295 11
191 325 15
191 336 13
191 465 7
191 475 15
191 479 16
191 483 12
191 499 6
192 243 10
192 261 13
192 267 13
192 382 7
192 410 10
192 472 12
193 211 8
193 214 6
193 241 7
193 253 10
193 274 5
193 280 11
193 318 7
193 362 9
194 195 9
194 226 8
194 313 13
194 334 11
194 363 8
194 402 11
194 419 9
194 444 11
195 236 5
195 258 7
195 286 6
195 334 11
195 357 5
195 402 7
195 419 8
196 200 13
196 225 9
196 249 11
196 263 13
196 310 6
196 349 13
196 392 11
196 429 12
196 491 10
196 943 12
197 516 15
197 517 16
197 523 10
197 537 15
198 205 12
198 206 15
198 259 6
198 268 11
198 272 10
198 291 12
198 292 12
198 301 10
198 422 9
198 426 9
198 442 14
198 552 11
199 215 11
199 217 11
199 250 11
199 286 14
199 357 12
199 373 11
199 450 13
199 469 10
199 498 13
199 556 9
199 557 15
199 565 10
199 571 9
200 225 8
200 249 8
200 263 10
200 283 6
200 310 9
200 349 10
200 392 10
200 491 9
201 203 10
201 208 12
201 212 13
201 221 9
201 368 13
201 418 12
201 424 6
201 470 8
202 213 9
202 219 12
202 227 13
202 238 11
202 245 6
202 319 11
202 342 10
202 395 15
202 408 13
202 487 11
203 208 8
203 212 10
203 221 10
203 255 8
203 368 7
203 413 7
203 470 12
204 226 10
204 248 10
204 277 12
204 334 7
204 363 8
204 372 10
204 402 12
204 419 12
205 206 11
205 242 5
205 268 9
205 272 9
205 291 13
205 346 5
205 426 7
205 442 11
206 259 5
206 268 12
206 272 10
206 291 12
206 292 13
206 301 11
206 422 10
206 426 8
206 442 14
206 552 12
207 222 7
207 230 8
207 304 5
207 324 9
207 329 8
207 341 10
207 353 9
207 365 10
207 385 11
207 407 14
207 476 7
208 212 9
208 221 11
208 264 10
208 368 14
208 418 13
209 369 9
209 431 6
209 435 11
209 486 7
209 500 6
210 257 14
210 295 11
210 304 11
210 325 15
210 336 13
210 465 7
210 475 15
210 479 16
210 483 12
210 499 6
211 214 13
211 280 12
211 335 6
211 362 10
211 379 9
211 433 12
212 368 10
212 374 8
212 376 7
212 378 5
212 470 10
213 219 13
213 227 11
213 238 11
213 252 10
213 265 9
213 395 9
213 408 11
213 414 7
213 458 5
214 280 10
214 335 7
214 362 8
214 379 8
214 429 7
214 433 15
214 943 6
215 217 16
215 242 11
215 269 8
215 286 11
215 357 14
215 373 11
215 450 14
215 469 11
215 498 14
216 240 10
216 241 7
216 268 8
216 274 10
216 289 10
216 292 9
216 301 8
216 318 8
216 321 10
216 422 10
216 497 8
216 552 9
216 568 11
217 242 11
217 269 8
217 286 11
217 357 14
217 373 11
217 450 14
217 469 11
217 498 14
218 247 9
218 275 11
218 288 9
218 332 11
218 351 14
218 383 6
218 399 11
218 428 9
219 227 14
219 238 13
219 252 7
219 265 6
219 342 9
219 395 12
219 408 14
219 487 10
220 273 12
220 302 3
220 320 12
220 375 6
220 434 7
220 436 8
220 439 11
220 448 7
220 461 4
220 468 11
220 474 12
221 270 11
221 368 9
221 418 8
222 230 6
222 233 7
222 352 12
222 353 11
222 365 7
222 407 7
222 416 12
222 427 6
222 459 11
222 465 9
222 476 12
222 495 14
223 239 9
223 302 11
223 323 8
223 421 14
223 437 5
223 447 8
223 496 10
224 254 12
224 256 11
224 337 7
224 360 6
224 398 13
224 415 4
224 432 14
225 231 7
225 237 11
225 310 8
225 389 9
225 392 14
225 429 7
225 491 14
226 277 14
226 313 11
226 363 14
226 367 13
226 381 11
226 402 11
226 419 9
226 430 6
227 238 14
227 319 8
227 342 11
227 395 13
227 408 14
227 456 5
227 487 12
228 244 11
228 316 13
228 361 10
228 388 9
228 492 9
229 279 14
229 281 11
229 309 9
229 327 12
229 345 9
229 371 8
229 457 13
229 466 10
230 247 7
230 276 11
230 353 11
230 365 14
230 383 9
230 411 12
230 412 10
230 454 11
230 455 14
231 237 12
231 265 9
231 337 8
231 389 14
231 392 6
231 491 7
231 493 11
232 234 14
232 260 10
232 293 10
232 298 8
232 317 15
232 319 8
232 330 13
232 342 6
232 358 8
232 390 14
232 406 10
232 456 10
232 477 10
232 482 13
232 487 7
233 261 10
233 303 9
233 333 11
233 352 10
233 410 10
233 416 10
233 427 15
233 459 10
233 495 8
234 260 12
234 293 12
234 298 10
234 308 10
234 317 15
234 319 6
234 330 11
234 358 10
234 390 12
234 406 8
234 456 8
234 477 12
234 482 15
235 356 15
235 381 12
235 444 15
236 258 11
236 269 8
236 334 6
236 377 9
236 446 9
236 452 13
236 486 12
237 265 7
237 310 6
237 337 5
237 389 14
237 392 10
237 491 11
237 493 7
238 342 12
238 395 11
238 406 6
238 408 12
238 456 7
238 487 11
239 262 9
239 323 11
239 397 5
239 403 9
239 420 8
239 421 10
239 447 11
239 496 7
240 266 9
240 274 13
240 318 9
240 321 11
240 348 9
240 355 8
240 464 7
240 568 12
241 253 12
241 260 6
241 274 10
241 289 13
241 298 7
241 318 14
241 477 6
241 568 10
242 269 7
242 291 6
242 346 7
242 373 9
242 377 4
242 450 9
242 469 11
242 498 9
243 261 10
243 267 13
243 290 12
243 328 9
243 333 11
243 352 6
243 382 9
243 410 13
243 427 8
243 459 7
243 472 14
244 316 14
244 361 7
244 473 6
244 488 8
244 492 12
245 251 8
245 293 7
245 319 9
245 328 7
245 358 10
245 386 8
245 395 6
245 482 6
245 499 5
246 315 13
246 331 6
246 355 7
246 425 6
246 441 10
246 593 8
246 1005 6
246 1097 6
247 275 10
247 276 10
247 332 8
247 351 11
247 383 13
247 399 9
247 411 9
247 412 13
247 454 11
247 455 8
247 467 6
248 258 5
248 277 6
248 326 9
248 372 13
248 387 10
248 419 8
248 431 6
248 445 11
248 446 7
248 478 9
249 263 14
249 314 12
249 335 11
249 349 14
249 429 11
249 502 8
249 610 7
249 943 12
250 286 10
250 340 6
250 554 5
250 557 11
250 565 14
250 571 13
251 259 12
251 293 11
251 308 12
251 343 13
251 358 11
251 382 6
251 386 16
251 426 7
252 265 10
252 305 10
252 408 7
252 414 11
252 458 11
252 485 8
253 260 7
253 274 8
253 289 9
253 298 6
253 318 12
253 362 6
253 477 6
253 568 8
254 360 8
254 398 12
254 415 4
254 432 13
255 262 7
255 323 4
255 354 7
255 366 13
255 374 10
255 376 13
255 403 7
255 437 8
255 470 11
256 281 5
256 337 9
256 398 13
256 432 12
256 466 10
257 295 13
257 304 11
257 325 13
257 336 15
257 475 14
257 479 14
257 483 14
258 334 9
258 402 7
258 419 9
258 431 6
258 446 13
258 452 9
258 486 8
259 292 4
259 298 8
259 308 10
259 343 12
259 382 6
259 386 12
259 426 11
259 552 5
260 293 11
260 298 12
260 308 10
260 317 11
260 330 10
260 343 8
260 362 7
260 390 9
260 477 14
260 482 12
261 267 11
261 290 8
261 303 10
261 333 11
261 410 12
261 427 11
261 472 11
262 323 11
262 366 8
262 376 6
262 403 16
262 420 11
262 437 9
263 314 10
263 335 10
263 349 15
263 392 8
263 429 13
263 943 14
264 347 7
264 368 9
264 400 9
264 418 10
264 424 11
264 547 13
265 322 6
265 389 9
265 414 11
265 458 8
265 493 8
266 321 10
266 348 11
266 355 9
266 464 7
266 553 7
266 592 9
266 803 10
267 290 9
267 328 8
267 333 8
267 382 10
267 410 11
267 472 15
268 272 13
268 291 11
268 292 13
268 301 15
268 338 11
268 344 8
268 422 13
268 442 13
268 497 12
268 552 12
269 346 9
269 357 6
269 377 12
269 452 10
269 486 11
269 498 6
270 547 7
271 299 5
271 380 11
271 443 10
271 462 7
271 502 3
271 560 9
271 590 10
271 667 15
271 674 13
271 766 11
271 774 7
271 850 7
271 871 9
271 912 11
272 291 12
272 292 10
272 301 12
272 338 10
272 344 11
272 394 9
272 422 10
272 442 12
272 469 4
272 497 10
273 284 7
273 320 11
273 428 6
273 436 12
273 439 9
273 468 7
273 474 14
273 488 8
274 289 9
274 318 12
274 321 8
274 355 8
274 568 15
275 276 7
275 288 11
275 332 14
275 351 9
275 383 8
275 399 15
275 411 6
275 412 9
275 500 8
276 353 6
276 365 9
276 383 11
276 411 15
276 412 12
276 435 4
276 454 11
276 455 13
277 313 9
277 334 6
277 363 12
277 367 11
277 372 9
277 402 11
277 419 9
277 430 6
278 287 12
278 311 9
278 401 11
278 554 10
278 555 7
278 558 13
278 561 6
278 569 10
278 577 14
278 580 9
278 582 11
278 584 8
278 589 12
278 594 5
279 281 11
279 285 10
279 309 8
279 327 13
279 371 8
279 457 15
279 466 12
280 362 10
280 379 8
280 425 6
280 433 9
281 309 11
281 322 9
281 337 7
281 371 12
281 457 10
281 466 8
281 493 8
282 285 11
282 374 6
282 453 12
283 310 10
283 350 11
283 396 12
283 405 11
283 415 12
283 451 11
283 507 11
284 428 13
284 436 11
284 449 9
284 474 6
284 481 5
284 488 11
284 489 5
285 327 12
285 453 11
285 457 11
285 466 11
286 357 13
286 373 11
286 450 13
286 498 13
286 557 14
287 401 7
287 551 9
287 554 7
287 555 9
287 558 13
287 561 7
287 569 13
287 572 9
287 576 11
287 577 11
287 580 13
287 582 10
287 585 13
287 589 8
287 594 8
288 300 8
288 332 13
288 399 12
288 449 10
288 463 6
288 489 7
288 500 8
289 292 5
289 298 6
289 318 11
289 343 4
289 422 5
289 552 6
289 568 10
290 328 9
290 333 13
290 352 9
290 410 12
290 416 9
290 427 9
290 459 10
290 465 6
290 472 10
290 495 6
290 499 6
291 292 11
291 301 10
291 346 3
291 442 13
292 301 13
292 422 13
292 426 5
292 442 13
292 497 10
292 552 14
293 298 12
293 308 14
293 317 11
293 319 6
293 343 11
293 358 13
293 386 11
293 390 8
293 477 13
293 482 13
294 354 10
294 404 8
294 413 8
294 434 5
294 448 5
295 304 12
295 329 7
295 336 13
295 384 6
295 475 11
295 479 11
295 483 15
296 393 13
296 434 15
296 448 15
296 460 10
296 468 10
297 364 9
297 423 4
297 582 11
297 585 11
297 588 13
298 308 13
298 317 9
298 343 12
298 386 9
298 477 14
298 482 10
299 307 7
299 511 7
299 524 8
299 560 11
299 648 9
299 667 6
299 687 8
299 733 8
299 774 7
299 840 7
299 912 10
300 326 9
300 332 6
300 387 11
300 431 8
300 445 12
300 463 10
300 478 9
300 489 8
300 500 9
301 338 12
301 344 9
301 422 14
301 442 12
301 464 9
301 497 13
301 552 12
302 375 12
302 421 11
302 461 13
302 496 10
303 333 6
303 369 10
303 427 9
303 435 7
304 329 8
304 336 10
304 407 7
304 475 12
304 476 7
304 479 11
304 483 13
305 325 5
305 336 5
305 408 4
305 414 7
305 458 8
305 485 7
306 370 12
306 515 8
306 521 9
306 524 4
306 525 6
306 526 6
306 531 9
306 534 9
306 536 8
306 538 10
306 548 12
306 660 11
306 668 5
306 669 8
306 810 13
306 1025 10
307 502 9
307 524 3
307 560 6
307 610 7
307 667 7
307 668 5
307 912 7
307 1070 5
308 343 13
308 358 11
308 386 12
308 426 5
308 477 12
308 482 11
309 322 11
309 359 8
309 371 12
309 458 8
309 485 9
309 493 8
310 389 5
310 392 9
310 415 8
310 491 9
311 340 6
311 401 14
311 553 13
311 554 11
311 558 7
311 577 9
311 584 8
311 589 12
311 592 9
311 803 8
312 330 12
312 342 9
312 362 9
312 379 12
312 390 11
312 406 15
312 433 4
312 456 14
313 334 8
313 363 11
313 367 11
313 381 9
313 402 10
313 444 14
314 335 11
314 349 10
314 462 8
314 502 11
314 610 8
315 355 8
315 438 11
315 441 7
315 574 9
315 587 6
315 593 7
315 803 5
315 887 6
315 1005 7
315 1097 6
316 361 9
316 388 7
316 492 10
317 319 7
317 330 12
317 358 9
317 390 13
317 406 9
317 456 9
317 477 11
317 482 14
318 568 12
319 342 8
319 358 9
319 395 10
319 408 8
319 482 7
319 487 10
320 434 8
320 436 9
320 439 14
320 448 8
320 468 9
320 474 9
320 488 6
321 338 9
321 348 12
321 394 6
321 422 8
321 464 12
321 497 10
321 568 8
322 337 7
322 371 13
322 414 9
322 458 9
322 485 8
322 493 13
323 366 6
323 403 11
323 421 7
323 437 10
324 329 12
324 341 14
324 384 4
324 385 13
324 397 7
324 407 9
324 467 7
324 496 4
325 336 14
325 475 14
325 479 15
325 499 6
326 372 9
326 387 14
326 445 12
326 463 14
326 478 16
326 481 10
326 489 12
327 345 7
327 453 8
327 457 14
327 466 12
328 382 7
328 472 9
328 499 10
329 341 12
329 384 7
329 385 9
329 397 8
329 407 10
329 483 6
329 494 5
330 362 9
330 379 9
330 390 14
330 406 13
330 456 12
330 477 8
330 482 10
331 380 13
331 425 9
331 441 10
331 443 14
331 590 14
331 674 9
331 766 11
332 351 9
332 399 15
332 449 7
332 500 8
333 352 10
333 410 13
333 416 10
333 427 12
333 459 11
333 465 5
333 472 9
333 495 7
334 402 11
334 419 11
334 446 7
335 349 10
335 429 10
335 433 7
335 462 9
335 502 8
335 943 11
336 475 13
336 479 13
336 483 13
337 371 8
337 389 6
337 398 7
337 493 10
338 340 9
338 344 10
338 348 9
338 394 11
338 422 12
338 442 9
338 464 13
338 497 15
338 552 9
339 508 14
339 528 9
339 529 8
339 533 11
339 535 16
339 540 9
339 549 9
340 344 10
340 348 7
340 394 12
340 464 8
340 553 7
340 554 6
340 571 8
341 385 13
341 397 5
341 407 11
341 467 6
342 390 7
342 395 10
342 406 9
342 408 10
342 456 10
342 487 14
343 358 9
343 382 6
343 386 13
343 426 7
343 477 10
344 373 6
344 394 14
344 464 8
344 469 6
344 497 9
344 571 9
345 359 9
345 420 5
345 484 8
346 377 10
346 486 9
347 400 13
347 417 14
347 424 12
347 480 15
347 514 11
347 540 7
348 394 7
348 464 12
348 497 8
348 553 7
348 803 7
349 429 12
349 943 13
350 396 14
350 405 14
350 409 7
350 415 11
350 451 14
350 490 11
350 507 14
350 514 7
351 383 8
351 399 9
351 412 8
351 428 9
351 454 6
352 353 8
352 410 8
352 416 16
352 427 10
352 459 15
352 465 9
352 476 9
352 495 13
353 365 12
353 407 7
353 411 7
353 416 8
353 455 9
353 459 7
353 476 10
353 495 9
354 366 9
354 404 13
354 413 13
354 437 7
354 470 6
355 425 6
355 441 6
355 568 7
355 803 7
356 363 12
356 367 12
356 381 13
356 444 14
357 373 11
357 450 15
357 469 11
357 498 15
357 557 11
358 386 11
358 390 7
358 477 10
358 482 11
359 458 6
359 484 9
359 485 9
360 396 9
360 405 10
360 415 10
360 432 6
360 514 6
361 388 13
361 460 12
362 379 12
362 406 8
362 433 7
363 367 15
363 381 13
363 402 9
363 444 11
364 423 11
364 556 10
364 585 4
364 588 6
365 383 8
365 407 8
365 411 10
365 412 8
365 454 10
365 455 12
365 476 6
366 374 8
366 376 11
366 403 8
366 437 11
366 470 8
367 381 14
367 391 5
367 444 11
368 418 15
368 424 8
369 377 7
369 486 6
370 525 9
370 531 11
370 532 7
370 533 10
370 536 12
370 548 10
370 549 7
370 660 9
370 668 8
370 669 8
370 810 14
370 1025 9
370 1070 6
371 458 6
371 485 6
371 493 10
372 387 9
372 419 7
372 445 9
372 478 9
373 394 6
373 450 12
373 469 14
373 498 12
373 571 11
374 376 13
374 453 8
374 470 10
375 461 11
375 468 7
376 403 6
376 437 6
376 453 6
376 470 10
377 452 12
377 486 13
378 424 8
378 480 8
378 514 7
379 406 11
379 433 8
379 456 10
380 425 7
380 441 7
380 443 15
380 462 7
380 590 15
380 667 10
380 674 12
380 766 12
380 871 7
381 391 6
381 444 11
382 386 6
382 426 9
382 472 9
383 411 11
383 412 14
383 454 14
383 455 10
383 467 7
384 397 10
384 447 6
384 484 8
384 494 14
385 397 6
385 407 9
385 467 9
385 496 4
386 426 7
386 477 8
387 431 7
387 445 14
387 463 13
387 478 14
387 481 8
387 489 11
388 393 9
388 460 14
389 392 8
389 491 9
389 493 9
390 406 12
390 456 12
390 477 9
390 482 11
390 487 7
391 430 10
392 429 7
392 491 15
393 434 12
393 440 7
393 448 12
393 460 11
394 464 10
394 497 10
394 571 9
395 408 13
395 487 11
395 499 3
396 405 15
396 415 13
396 451 12
396 490 9
396 507 12
396 514 7
397 421 4
397 447 9
397 494 9
397 496 5
398 432 15
398 466 7
399 412 8
399 449 7
399 500 8
400 417 11
400 424 13
400 480 13
400 517 6
400 540 7
401 553 11
401 554 12
401 558 9
401 577 11
401 582 10
401 584 8
401 589 14
401 592 8
401 803 7
402 419 14
403 420 11
403 437 9
404 413 16
404 440 11
405 415 12
405 451 12
405 490 9
405 507 12
405 514 8
406 456 15
406 487 8
407 476 9
408 487 11
409 451 9
409 490 12
409 507 9
409 525 9
409 533 7
409 549 9
409 668 9
409 1070 11
410 416 8
410 427 11
410 459 9
410 472 12
411 412 12
411 435 4
411 454 11
411 455 14
412 454 13
412 455 11
412 467 6
413 440 11
413 470 7
414 458 13
414 485 10
414 493 7
415 507 10
416 427 10
416 459 15
416 465 9
416 476 9
416 495 13
417 424 10
417 480 14
417 514 13
417 540 7
418 424 9
419 446 9
420 484 8
420 494 8
421 447 9
421 496 12
422 442 11
422 464 9
422 497 13
422 552 13
423 556 15
424 480 12
424 514 8
425 441 11
425 443 7
425 590 7
426 442 7
426 552 6
427 459 10
427 495 7
428 436 10
428 449 9
428 474 6
428 488 8
429 433 8
429 943 15
431 445 9
431 446 8
431 500 9
433 943 7
434 439 10
434 448 16
434 460 11
434 468 11
435 455 3
435 500 6
436 439 7
436 474 11
436 488 11
438 574 13
438 584 6
438 587 8
438 592 7
438 638 6
438 803 7
438 887 8
439 448 10
439 460 11
439 468 10
439 474 8
441 443 8
441 590 8
441 593 4
441 766 6
442 497 9
442 552 12
443 462 7
443 590 16
443 667 9
443 674 11
443 766 12
443 850 7
445 446 4
445 463 11
445 478 12
446 452 8
446 486 7
447 494 6
447 496 9
448 460 11
448 468 11
449 463 8
449 481 7
449 489 10
450 469 12
450 498 16
450 557 12
450 571 7
451 490 13
451 507 15
451 610 5
452 486 15
454 455 12
454 467 7
456 482 7
456 487 9
457 466 13
458 485 13
459 465 9
459 472 5
459 476 8
459 495 12
461 474 5
461 496 9
462 502 9
462 667 7
462 674 6
463 478 14
463 481 11
463 489 14
464 497 12
465 475 7
465 476 9
465 479 7
465 495 10
465 499 7
467 496 5
468 474 7
469 498 12
469 571 10
473 481 11
473 492 10
475 476 6
475 479 15
475 483 12
476 495 12
477 482 12
478 481 10
478 489 12
479 483 12
479 499 6
480 514 11
480 540 7
481 488 6
481 489 12
481 492 6
484 494 10
488 492 6
490 507 13
490 549 5
490 610 6
490 1070 7
497 552 10
498 557 12
498 571 7
501 513 10
501 550 11
502 610 10
502 667 4
503 504 9
503 509 13
503 510 12
503 512 14
503 520 6
503 522 13
503 527 14
503 528 8
503 532 11
503 539 12
503 541 10
503 543 14
503 545 14
503 546 13
504 506 12
504 509 11
504 513 11
504 518 14
504 522 12
504 523 6
504 543 10
504 544 13
504 550 11
505 597 13
505 601 10
505 682 10
505 700 12
505 709 13
505 738 14
505 765 10
505 769 10
505 804 12
505 849 8
505 930 9
505 961 8
505 966 10
505 976 9
505 1013 11
505 1035 9
505 1044 12
506 513 15
506 518 14
506 544 15
506 550 14
506 858 3
508 528 9
508 529 8
508 533 12
508 535 14
508 539 4
508 540 8
508 549 10
509 512 12
509 518 13
509 520 5
509 522 14
509 527 11
509 543 12
509 544 12
509 545 11
509 1072 2
510 512 13
510 527 14
510 528 10
510 529 9
510 531 10
510 532 14
510 538 10
510 539 15
510 541 13
510 543 13
510 545 14
510 546 15
510 548 8
510 669 12
510 1025 10
511 515 7
511 521 6
511 524 13
511 526 9
511 534 8
511 542 11
511 648 6
511 733 15
511 813 11
511 840 7
511 1062 5
512 520 6
512 522 11
512 527 14
512 532 12
512 538 9
512 539 13
512 541 12
512 543 13
512 545 15
512 546 14
512 669 11
512 1025 9
513 518 13
513 544 14
513 550 15
513 858 3
515 521 15
515 524 8
515 526 14
515 534 14
515 538 7
515 542 11
515 548 7
515 660 10
515 726 7
515 733 7
515 798 9
515 1025 6
515 1038 8
516 517 15
516 523 11
516 529 6
516 537 14
517 523 10
517 537 15
517 547 5
518 522 11
518 544 15
518 550 12
519 704 12
519 715 12
519 726 4
519 740 15
519 767 14
519 832 10
519 862 9
519 866 12
519 885 6
519 928 9
519 931 9
519 1004 9
519 1011 12
519 1012 14
519 1033 13
519 1090 7
520 675 8
520 775 8
520 798 7
520 835 6
520 1072 11
521 524 7
521 526 13
521 534 13
521 538 8
521 542 10
521 548 8
521 660 11
521 669 5
521 726 7
521 798 9
521 1025 7
521 1038 8
522 527 13
522 529 9
522 543 14
522 544 10
522 545 12
522 546 11
523 537 11
524 526 9
524 534 9
524 542 10
524 733 14
524 813 8
525 533 12
525 536 13
525 549 13
525 668 14
525 810 7
525 1070 13
526 534 13
526 542 13
526 660 8
526 726 9
526 733 8
526 798 8
526 813 7
526 1038 9
527 528 10
527 529 10
527 532 12
527 539 14
527 541 11
527 543 15
527 545 15
527 546 14
527 669 10
528 529 14
528 532 8
528 535 9
528 539 11
528 540 6
528 543 10
528 545 9
528 546 9
529 535 8
529 539 10
529 540 5
529 543 10
530 542 6
530 704 8
530 726 9
530 769 4
530 780 8
530 813 7
530 931 7
530 966 5
530 1011 6
530 1017 15
530 1038 7
531 532 12
531 533 6
531 536 8
531 538 11
531 539 9
531 541 12
531 545 9
531 546 10
531 548 12
531 660 9
531 669 13
531 810 12
531 1025 12
532 538 11
532 539 13
532 541 15
532 545 13
532 546 14
532 548 10
532 660 8
532 669 14
532 810 8
532 1025 12
533 535 11
533 536 12
533 549 13
533 668 10
533 810 8
533 1070 9
534 538 8
534 542 12
534 548 8
534 660 10
534 733 8
534 810 6
534 1025 7
534 1038 6
535 540 9
535 549 9
536 548 6
536 549 11
536 668 11
536 810 10
536 1070 10
538 541 12
538 545 9
538 546 10
538 548 14
538 660 12
538 669 13
538 810 10
538 1025 15
539 541 12
539 543 13
539 545 14
539 546 14
539 669 11
541 545 12
541 546 13
541 548 11
541 660 9
541 669 15
541 810 9
541 1025 13
542 660 6
542 726 9
542 733 10
542 780 5
542 813 10
542 1017 6
542 1038 8
543 545 14
543 546 13
544 550 13
545 546 15
545 669 11
545 1025 9
546 548 8
546 669 12
546 1025 10
548 660 13
548 669 12
548 810 12
548 1025 14
549 668 12
549 1070 12
550 858 3
551 555 13
551 561 10
551 567 10
551 569 12
551 572 16
551 576 11
551 580 11
551 586 14
551 591 13
551 594 14
551 596 10
551 884 11
553 554 8
553 584 7
553 589 9
553 592 12
553 803 11
554 558 9
554 565 6
554 577 10
554 582 11
554 589 12
555 561 13
555 567 10
555 569 12
555 572 13
555 573 7
555 577 5
555 578 10
555 580 11
555 583 11
555 586 13
555 591 11
555 594 14
555 884 11
556 557 10
556 565 7
557 565 10
558 569 10
558 576 10
558 577 14
558 580 11
558 582 13
558 585 12
558 588 12
558 589 10
559 570 9
559 595 12
559 734 11
559 770 9
559 861 11
559 917 10
559 990 9
560 648 6
560 667 9
560 674 9
560 687 9
560 716 9
560 774 11
560 871 9
560 912 13
561 564 4
561 566 4
561 567 9
561 569 10
561 572 10
561 573 9
561 578 13
561 583 14
561 584 4
561 586 11
561 594 12
561 884 11
562 604 12
562 641 10
562 685 10
562 688 12
562 772 13
562 795 14
562 811 10
562 829 7
562 834 10
562 857 8
562 915 7
562 960 8
562 980 11
562 982 10
562 1002 12
562 1016 11
563 600 10
563 645 9
563 650 12
563 662 10
563 666 14
563 680 13
563 711 7
563 720 12
563 728 10
563 754 14
563 777 8
563 875 14
563 1009 11
563 1043 14
563 1047 13
563 1068 13
564 566 15
564 573 9
564 578 7
564 583 6
564 613 7
564 638 6
564 643 8
564 811 7
564 857 7
564 982 6
565 571 11
565 582 2
566 573 9
566 578 7
566 583 6
566 613 7
566 638 6
566 643 8
566 811 7
566 857 6
567 570 11
567 572 10
567 573 11
567 578 9
567 583 8
567 586 12
567 591 13
567 594 11
567 596 16
567 613 9
567 643 5
567 770 11
567 861 7
567 884 14
569 572 12
569 576 11
569 577 8
569 578 7
569 580 13
569 582 7
569 583 8
569 586 10
569 589 6
569 594 11
570 573 9
570 591 8
570 596 11
570 613 12
570 643 8
570 734 7
570 770 16
570 861 12
570 884 9
570 917 8
572 576 11
572 580 11
572 586 14
572 591 13
572 594 14
572 596 10
572 884 11
573 578 11
573 583 10
573 586 8
573 594 7
573 613 11
573 643 9
573 770 9
573 884 11
574 584 6
574 587 10
574 592 5
574 599 8
574 638 8
574 887 10
574 1005 9
575 603 6
575 607 4
575 619 8
575 649 5
575 698 10
575 717 9
575 749 11
575 760 8
575 786 10
575 799 9
575 805 8
575 822 9
575 873 8
575 1057 8
575 1098 4
576 580 14
576 585 10
576 586 9
576 588 8
576 591 8
576 594 10
576 598 13
577 580 9
577 582 13
577 584 7
577 585 11
577 588 11
577 589 12
578 583 15
578 584 4
578 586 9
578 594 9
578 613 7
578 884 10
579 600 10
579 602 9
579 626 11
579 644 8
579 666 7
579 680 7
579 754 7
579 895 9
579 898 11
579 905 9
579 1009 9
579 1084 9
579 1086 7
579 1097 7
580 582 8
580 585 11
580 586 9
580 588 9
580 591 8
580 594 10
581 598 13
582 585 12
582 588 13
582 589 11
583 584 5
583 586 9
583 594 10
583 613 6
583 884 10
584 589 9
584 592 9
584 803 7
585 588 14
586 591 14
586 594 15
586 596 12
586 770 7
586 884 13
587 593 8
587 599 13
587 638 10
587 887 16
587 1005 14
587 1097 12
589 592 7
589 803 6
590 667 9
590 674 11
590 766 12
590 850 7
591 594 13
591 596 13
591 770 8
591 884 14
592 803 14
593 887 8
593 1005 10
593 1086 5
593 1097 12
594 596 11
594 884 12
596 613 9
596 770 11
596 861 7
596 884 14
597 601 13
597 682 9
597 700 11
597 709 15
597 738 11
597 744 9
597 765 13
597 769 7
597 804 9
597 849 10
597 878 9
597 961 11
597 976 11
597 1013 9
597 1044 15
599 638 12
599 728 9
599 887 13
599 1005 12
599 1097 10
600 626 5
600 662 9
600 666 12
600 680 13
600 728 9
600 754 12
600 875 10
600 898 5
600 1009 15
600 1043 12
600 1097 6
601 682 9
601 700 9
601 709 13
601 744 10
601 765 14
601 837 6
601 849 10
601 878 10
601 889 8
601 961 13
601 976 11
601 1013 8
601 1044 13
601 1063 6
601 1094 5
602 607 7
602 626 14
602 644 10
602 661 8
602 662 5
602 679 8
602 777 7
602 863 8
602 895 12
602 898 13
602 905 13
602 1007 4
602 1058 10
602 1084 15
602 1086 9
603 607 10
603 621 7
603 635 10
603 649 13
603 698 12
603 748 9
603 822 7
603 847 11
603 863 9
603 913 12
603 1007 11
603 1008 13
603 1018 6
603 1022 9
603 1032 8
603 1066 6
604 624 4
604 641 13
604 685 11
604 688 8
604 772 12
604 795 11
604 829 11
604 834 12
604 915 10
604 960 11
604 1002 13
604 1016 9
605 684 8
605 707 13
605 737 13
605 747 14
605 790 13
605 794 11
605 845 14
605 846 14
605 984 16
605 1019 15
606 658 13
606 675 8
606 694 5
606 719 4
606 775 8
606 835 10
606 851 11
607 619 6
607 626 5
607 635 9
607 649 11
607 698 6
607 777 6
607 847 9
607 863 14
607 913 10
607 1007 11
607 1008 11
607 1058 11
607 1084 7
608 617 8
608 699 7
608 722 11
608 756 9
608 763 9
608 869 15
608 907 9
608 939 9
608 944 10
608 958 9
608 963 6
608 998 8
608 1051 11
609 612 15
609 677 7
609 718 11
609 745 8
609 779 12
609 783 11
609 830 7
609 916 11
609 918 10
609 924 8
609 933 9
609 973 11
609 988 6
609 1006 9
609 1020 13
609 1045 10
610 1070 7
611 737 10
611 883 10
611 949 11
611 1026 10
612 677 7
612 718 10
612 779 11
612 783 12
612 830 7
612 916 10
612 918 11
612 924 7
612 933 8
612 973 12
612 988 6
612 1006 10
612 1020 12
612 1045 9
613 643 12
613 764 6
613 770 12
613 861 11
613 884 8
613 917 7
613 980 6
614 640 7
614 646 7
614 651 7
614 665 6
614 673 9
614 743 6
614 761 8
614 802 12
614 814 11
614 824 8
614 833 7
614 856 11
614 874 7
614 1015 11
614 1031 9
614 1046 8
615 659 9
615 670 14
615 683 12
615 699 7
615 701 11
615 725 12
615 797 10
615 828 13
615 844 10
615 894 9
615 920 11
615 925 11
615 952 11
615 957 13
615 1040 9
615 1064 11
615 1089 11
616 646 9
616 673 8
616 787 9
616 796 7
616 808 7
616 880 14
616 882 6
616 891 10
616 910 13
616 937 15
616 968 7
616 986 12
616 1003 11
616 1046 9
616 1060 8
616 1067 8
616 1076 7
617 620 6
617 752 10
617 756 11
617 762 9
617 838 12
617 869 9
617 876 7
617 901 11
617 907 6
617 939 11
617 997 10
617 1023 6
617 1027 8
618 693 11
618 855 14
618 902 7
618 903 6
618 950 10
618 975 12
618 1052 14
618 1061 8
618 1073 13
619 645 9
619 650 6
619 662 5
619 711 8
619 714 7
619 717 7
619 777 8
619 1057 8
619 1058 8
619 1098 11
620 707 7
620 732 6
620 752 7
620 762 9
620 778 11
620 791 9
620 821 11
620 826 6
620 838 6
620 870 10
620 876 10
620 890 9
620 901 8
620 953 12
620 1023 13
621 653 8
621 698 10
621 760 11
621 805 12
621 822 12
621 1001 12
621 1018 15
621 1022 13
621 1032 12
621 1066 14
621 1080 6
622 656 8
622 671 7
622 730 12
622 782 12
622 809 6
622 827 9
622 855 8
622 879 11
622 902 13
622 903 11
622 948 8
622 971 9
622 983 13
622 1073 9
623 639 9
623 678 7
623 690 7
623 724 7
623 741 9
623 793 9
623 839 9
623 867 7
623 904 10
623 941 9
623 951 9
623 995 12
623 1010 7
623 1037 14
623 1055 12
623 1071 9
624 645 9
624 650 8
624 664 14
624 688 7
624 711 11
624 714 12
624 720 9
624 721 7
624 795 6
624 834 7
624 1016 9
624 1047 8
624 1068 8
624 1074 5
625 634 11
625 657 10
625 676 6
625 695 9
625 718 7
625 742 6
625 745 8
625 779 6
625 818 9
625 916 6
625 922 7
625 926 10
625 979 7
625 1045 7
625 1075 5
625 1092 10
625 1095 5
626 644 10
626 661 8
626 662 7
626 679 8
626 777 8
626 863 6
626 895 12
626 898 15
626 905 13
626 1009 5
626 1058 8
626 1084 14
626 1086 9
627 653 10
627 697 12
627 746 7
627 836 7
627 893 6
627 918 7
627 924 4
627 955 8
627 959 11
627 991 10
627 1001 8
627 1006 6
627 1018 5
628 800 12
628 804 8
628 885 10
628 892 6
628 909 9
628 930 11
628 931 6
628 947 12
628 966 8
628 1035 10
628 1077 13
628 1090 9
629 639 8
629 676 7
629 692 5
629 736 10
629 741 11
629 742 9
629 750 9
629 771 8
629 793 8
629 872 6
629 922 9
629 932 16
629 941 12
629 954 7
629 977 9
629 995 7
629 1010 7
630 706 10
630 730 12
630 735 13
630 782 12
630 827 12
630 842 8
630 903 9
630 936 11
630 962 7
630 967 13
630 971 14
630 983 11
631 648 8
631 661 6
631 679 7
631 687 11
631 716 11
631 744 7
631 774 7
631 788 8
631 816 6
631 840 7
631 849 6
631 877 8
631 911 9
631 976 6
631 996 8
631 1093 12
632 636 15
632 652 14
632 681 11
632 689 13
632 703 12
632 727 8
632 731 11
632 807 9
632 815 8
632 819 10
632 825 9
632 831 12
632 853 13
632 927 8
632 933 4
632 978 9
632 1059 7
633 647 7
633 723 12
633 732 13
633 753 15
633 778 8
633 784 8
633 792 4
633 801 8
633 826 10
633 843 10
633 890 10
633 906 12
633 956 7
633 964 12
633 1053 14
633 1083 10
633 1091 12
634 642 8
634 657 8
634 695 13
634 718 7
634 745 11
634 755 8
634 779 8
634 818 8
634 916 6
634 926 5
634 979 10
634 1020 6
634 1045 10
634 1049 10
634 1092 13
635 649 12
635 744 5
635 748 11
635 816 9
635 847 14
635 863 10
635 878 8
635 913 13
635 1007 13
635 1008 12
635 1063 8
636 652 14
636 681 12
636 689 12
636 703 13
636 727 8
636 731 11
636 807 10
636 815 8
636 819 11
636 825 8
636 831 11
636 853 12
636 914 8
636 927 8
636 978 9
636 1059 8
637 665 12
637 702 13
637 708 9
637 713 9
637 743 8
637 806 11
637 817 10
637 824 11
637 852 14
637 874 9
637 897 10
637 899 12
637 992 15
637 1048 8
637 1081 7
638 728 8
638 887 10
638 1005 9
639 741 13
639 750 9
639 771 5
639 784 5
639 793 7
639 801 5
639 839 12
639 867 10
639 932 8
639 941 12
639 956 7
639 977 11
639 995 9
639 1037 10
639 1071 8
640 646 10
640 673 12
640 783 7
640 787 8
640 802 10
640 814 8
640 880 9
640 910 9
640 955 4
640 973 5
640 988 5
640 1031 7
640 1046 12
640 1060 14
641 685 13
641 772 12
641 795 9
641 829 12
641 834 10
641 915 12
641 950 8
641 960 13
641 1002 13
641 1016 7
641 1061 10
642 657 10
642 695 11
642 755 15
642 773 11
642 818 10
642 820 6
642 823 7
642 935 11
642 970 8
642 979 14
642 1000 8
642 1049 8
642 1065 8
642 1085 8
642 1092 11
643 764 9
643 770 8
643 811 8
643 861 9
643 917 8
643 980 10
644 661 13
644 679 11
644 788 10
644 850 7
644 895 14
644 898 11
644 905 13
644 911 9
644 996 9
644 1084 10
644 1086 15
645 650 13
645 662 5
645 664 11
645 711 13
645 714 11
645 720 10
645 777 6
645 875 8
645 1047 11
645 1057 6
645 1068 11
645 1098 13
646 673 13
646 761 12
646 802 9
646 814 6
646 880 10
646 882 8
646 888 11
646 910 9
646 937 10
646 986 8
646 1041 4
646 1046 14
646 1060 9
646 1067 10
647 732 6
647 753 6
647 771 7
647 773 7
647 792 8
647 801 12
647 818 4
647 823 5
647 843 13
647 1053 7
647 1065 9
647 1075 8
647 1083 6
648 687 9
648 716 7
648 733 7
648 774 6
648 813 7
648 840 14
648 877 11
648 1062 10
648 1093 8
649 698 9
649 748 10
649 847 13
649 863 11
649 913 15
649 1007 14
649 1008 16
649 1058 6
650 662 8
650 664 10
650 666 10
650 711 11
650 714 9
650 720 13
650 754 10
650 777 8
650 875 11
650 1043 10
650 1047 14
650 1068 14
650 1098 10
651 677 10
651 705 10
651 785 13
651 802 8
651 814 11
651 830 10
651 833 16
651 854 14
651 856 10
651 864 9
651 874 7
651 988 10
651 1015 12
651 1031 12
651 1081 7
651 1095 7
652 681 10
652 689 14
652 703 11
652 727 10
652 731 12
652 807 8
652 815 10
652 819 9
652 831 11
652 853 14
652 927 10
652 978 11
652 1034 9
653 697 9
653 757 6
653 815 4
653 893 7
653 938 4
653 959 6
653 991 5
653 1001 12
653 1018 9
653 1022 6
653 1032 7
653 1066 7
653 1080 8
654 684 7
654 694 10
654 719 10
654 789 13
654 794 5
654 865 12
654 907 9
654 940 10
654 963 11
654 998 8
654 1024 10
654 1088 13
655 672 13
655 696 13
655 751 13
655 776 13
655 848 11
655 882 11
655 888 8
655 915 7
655 929 12
655 965 9
655 969 7
655 1041 12
655 1042 11
655 1050 12
655 1067 9
656 730 8
656 809 13
656 812 13
656 817 8
656 827 10
656 897 8
656 948 14
656 971 8
656 983 8
656 1048 10
657 676 5
657 695 8
657 742 6
657 755 11
657 771 7
657 773 11
657 818 15
657 922 7
657 926 11
657 935 9
657 979 9
657 1065 10
657 1075 11
657 1092 10
658 694 8
658 719 7
658 835 7
658 923 7
659 670 11
659 683 12
659 701 13
659 758 7
659 768 9
659 797 14
659 828 11
659 894 15
659 896 12
659 900 9
659 921 10
659 942 12
659 957 12
659 1040 14
659 1089 14
660 669 10
660 798 6
660 810 11
660 1025 12
661 679 12
661 716 8
661 788 13
661 850 8
661 895 12
661 898 9
661 905 11
661 911 12
661 996 12
661 1084 8
661 1086 13
662 666 9
662 680 8
662 754 9
662 777 13
662 898 7
662 1009 9
662 1043 9
662 1058 8
662 1084 6
662 1098 5
663 731 6
663 768 8
663 881 14
663 892 11
663 896 8
663 900 10
663 909 6
663 921 11
663 942 8
663 947 6
663 1054 15
664 688 6
664 711 11
664 714 11
664 720 11
664 721 6
664 795 5
664 834 5
664 875 7
664 1016 7
664 1047 10
664 1068 10
664 1098 9
665 702 10
665 708 10
665 713 11
665 743 10
665 824 14
665 852 10
665 856 9
665 874 12
665 899 8
665 992 13
665 1015 5
665 1081 9
665 1096 7
666 680 15
666 720 10
666 728 10
666 754 16
666 777 6
666 875 13
666 1009 13
666 1043 15
666 1047 11
666 1068 11
667 674 12
667 766 10
667 774 6
667 871 8
667 912 11
668 810 6
668 1070 14
669 810 10
669 1025 14
670 683 13
670 701 13
670 725 12
670 797 12
670 828 12
670 844 9
670 894 11
670 896 8
670 920 10
670 942 7
670 952 10
670 957 15
670 1040 11
670 1064 10
670 1089 13
671 693 9
671 713 9
671 743 7
671 852 6
671 855 8
671 879 11
671 899 8
671 948 5
671 969 8
671 975 7
671 1014 12
671 1073 8
672 696 12
672 751 12
672 776 10
672 829 8
672 848 14
672 882 8
672 915 10
672 929 9
672 960 9
672 965 12
672 969 8
672 1041 11
672 1042 14
672 1050 11
672 1061 9
673 761 10
673 787 6
673 802 11
673 814 8
673 880 10
673 888 8
673 910 9
673 937 9
673 1015 5
673 1031 6
673 1046 15
673 1060 11
674 766 13
674 774 8
674 850 9
674 871 11
674 912 10
675 775 16
675 835 14
675 851 12
675 928 14
675 1072 13
676 705 7
676 736 12
676 742 13
676 771 7
676 864 9
676 872 12
676 922 12
676 926 9
676 932 7
676 954 12
676 1095 12
677 705 12
677 718 9
677 783 9
677 785 10
677 814 7
677 830 16
677 833 10
677 854 10
677 864 10
677 916 10
677 973 10
677 988 14
677 1031 9
677 1095 8
678 724 13
678 806 7
678 809 8
678 812 8
678 817 8
678 897 8
678 904 12
678 995 8
678 1048 10
678 1078 13
679 744 3
679 788 11
679 816 3
679 895 11
679 898 9
679 905 11
679 911 11
679 996 10
679 1086 11
679 1093 4
680 720 9
680 728 11
680 754 15
680 875 13
680 1009 14
680 1043 15
680 1047 10
680 1068 10
681 689 8
681 703 14
681 712 7
681 731 8
681 807 13
681 819 14
681 820 9
681 825 10
681 831 9
681 853 8
681 914 11
681 1049 4
681 1059 11
682 691 8
682 700 14
682 709 10
682 710 7
682 800 8
682 804 12
682 837 7
682 889 8
682 930 9
682 961 6
682 1013 14
682 1035 11
682 1044 9
682 1099 4
683 701 11
683 725 14
683 768 7
683 797 14
683 828 9
683 862 6
683 894 13
683 896 10
683 925 11
683 957 12
683 1064 11
683 1089 13
684 789 9
684 794 12
684 940 12
684 974 12
684 984 8
684 1019 9
684 1087 8
684 1088 10
685 764 8
685 772 13
685 915 10
685 950 10
685 960 11
685 980 7
685 1002 13
685 1052 5
685 1061 9
686 735 9
686 886 14
686 962 11
686 967 10
686 993 10
686 1079 9
687 716 13
687 774 11
687 788 8
687 840 7
687 871 7
687 877 7
687 911 8
687 912 6
687 996 8
687 1062 4
687 1093 9
688 772 9
688 795 13
688 811 13
688 857 12
688 980 10
688 982 14
688 1002 8
688 1016 11
689 703 9
689 727 10
689 731 10
689 815 10
689 825 8
689 831 11
689 853 16
689 893 8
689 924 6
689 927 10
689 933 6
689 978 11
689 1034 9
690 759 8
690 839 9
690 867 10
690 908 8
690 934 11
690 951 14
690 972 15
690 989 10
690 999 16
690 1037 8
690 1055 11
690 1071 14
690 1082 8
691 700 6
691 710 13
691 727 8
691 800 6
691 837 9
691 889 8
691 909 7
691 927 8
691 938 9
691 1013 7
691 1028 7
691 1034 9
691 1035 7
691 1099 10
692 702 6
692 708 9
692 736 7
692 785 8
692 864 7
692 872 9
692 874 9
692 932 5
692 954 10
692 1010 7
692 1081 12
692 1096 13
693 696 9
693 713 4
693 751 9
693 855 10
693 879 8
693 965 9
693 969 14
693 975 14
693 1014 13
693 1042 8
693 1050 8
693 1052 12
693 1073 10
694 719 15
694 789 12
694 923 14
694 940 10
694 974 10
694 1087 13
694 1088 11
695 718 5
695 745 9
695 755 10
695 779 6
695 818 8
695 820 6
695 935 6
695 979 13
695 1045 8
695 1049 11
695 1085 8
695 1092 14
696 751 16
696 776 11
696 848 10
696 882 9
696 888 7
696 929 10
696 965 10
696 969 10
696 975 9
696 1014 8
696 1041 13
696 1042 12
696 1050 14
696 1067 7
697 815 5
697 893 10
697 918 8
697 924 6
697 933 5
697 959 9
697 978 4
697 991 8
697 1001 6
697 1006 7
698 748 6
698 749 8
698 760 10
698 786 6
698 805 10
698 822 11
698 913 8
698 1008 9
698 1018 9
698 1022 12
698 1032 9
698 1066 10
699 722 8
699 758 7
699 763 4
699 828 9
699 844 9
699 869 7
699 920 10
699 944 12
699 952 12
699 958 4
699 1000 3
699 1051 8
700 709 12
700 710 5
700 738 12
700 765 9
700 800 9
700 804 13
700 889 7
700 930 10
700 1013 14
700 1035 12
700 1044 11
701 712 6
701 758 10
701 797 12
701 828 13
701 894 13
701 896 9
701 900 8
701 920 12
701 942 9
701 952 10
701 957 14
701 1040 14
701 1089 14
702 708 11
702 806 12
702 817 10
702 824 8
702 852 11
702 874 9
702 897 10
702 992 13
702 1010 6
702 1048 8
702 1078 7
702 1081 8
702 1096 8
703 731 10
703 807 13
703 819 14
703 820 7
703 825 9
703 831 10
703 853 9
703 881 7
703 914 11
703 1054 7
703 1059 11
704 715 12
704 726 8
704 740 11
704 767 11
704 866 9
704 931 9
704 1004 12
704 1011 14
704 1012 11
704 1017 7
704 1033 12
704 1038 9
705 718 6
705 785 12
705 830 12
705 833 10
705 854 12
705 864 13
705 872 8
705 916 7
705 954 7
705 973 6
705 988 10
705 1015 6
705 1031 9
705 1095 11
706 729 14
706 735 7
706 842 13
706 936 15
706 967 9
706 985 11
706 987 13
706 1036 14
706 1039 13
706 1100 13
707 747 13
707 790 14
707 791 12
707 794 9
707 821 8
707 845 15
707 846 15
707 859 10
707 870 11
707 876 10
707 953 11
707 984 13
707 1023 10
707 1027 8
708 793 5
708 806 8
708 852 7
708 856 7
708 874 11
708 992 10
708 1010 7
708 1081 12
708 1096 12
709 738 11
709 744 9
709 765 13
709 804 9
709 849 10
709 878 9
709 961 11
709 976 11
709 1013 10
709 1035 8
709 1044 15
710 727 7
710 757 8
710 837 12
710 889 11
710 909 5
710 927 7
710 938 11
710 945 8
710 1013 6
710 1028 10
710 1034 8
710 1035 6
710 1094 9
710 1099 12
711 714 14
711 717 7
711 720 9
711 721 9
711 777 5
711 873 6
711 1047 9
711 1057 8
711 1068 9
711 1074 6
711 1098 13
712 758 10
712 807 9
712 819 8
712 820 9
712 900 10
712 914 11
712 920 6
712 1000 7
712 1040 7
712 1059 11
712 1085 8
713 743 13
713 824 11
713 852 9
713 879 5
713 899 11
713 992 9
713 1014 7
714 717 8
714 720 9
714 721 10
714 873 7
714 1016 5
714 1030 5
714 1047 8
714 1057 9
714 1068 8
714 1074 7
714 1098 12
715 726 7
715 740 11
715 767 10
715 798 8
715 832 10
715 851 9
715 928 12
715 1004 12
715 1011 14
715 1012 12
715 1033 15
715 1038 8
716 774 12
716 788 11
716 840 5
716 850 7
716 871 10
716 877 5
716 911 11
716 912 6
716 996 11
716 1093 7
717 721 13
717 749 9
717 786 9
717 799 9
717 873 15
717 1030 6
717 1057 15
717 1074 9
717 1098 7
718 745 9
718 779 13
718 783 8
718 830 9
718 916 15
718 973 10
718 1020 11
718 1045 11
719 789 12
719 858 9
719 923 15
719 940 10
719 974 10
719 1087 14
719 1088 11
720 728 9
720 754 10
720 875 12
720 1016 3
720 1043 10
720 1047 15
720 1068 15
720 1098 7
721 873 13
721 1030 6
721 1057 14
721 1074 10
721 1098 8
722 841 10
722 844 8
722 869 10
722 907 12
722 944 10
722 952 6
722 963 9
722 994 10
722 998 13
722 1024 10
722 1051 16
723 732 10
723 753 13
723 759 9
723 778 9
723 784 9
723 821 7
723 826 14
723 890 11
723 906 13
723 908 9
723 956 7
723 964 16
723 1053 10
723 1082 9
723 1091 13
724 793 9
724 806 10
724 817 10
724 897 10
724 904 12
724 995 8
724 1010 9
724 1048 10
724 1078 13
725 797 12
725 832 5
725 925 13
725 957 11
725 1064 13
725 1089 11
726 780 4
726 798 10
726 813 6
726 1004 10
726 1011 8
726 1017 8
726 1038 14
727 731 8
727 815 14
727 853 10
727 893 8
727 927 16
727 938 10
727 978 14
727 1034 15
727 1099 10
728 754 10
728 857 6
728 875 12
728 982 5
728 1009 10
728 1043 11
728 1047 9
728 1068 9
729 842 15
729 936 13
729 967 7
729 985 13
729 987 15
729 1036 16
729 1039 15
729 1100 15
730 782 16
730 809 7
730 812 7
730 827 11
730 842 7
730 879 7
730 902 12
730 903 12
730 936 8
730 971 12
730 983 15
730 1073 6
731 807 8
731 815 8
731 819 9
731 881 7
731 909 5
731 927 8
731 978 8
731 1034 7
731 1054 7
732 752 5
732 753 12
732 762 7
732 778 11
732 792 6
732 826 11
732 843 7
732 890 13
732 906 9
732 964 10
732 1053 15
732 1083 12
732 1091 9
733 813 10
733 840 7
734 764 7
734 860 10
734 861 10
734 917 13
734 985 6
734 987 4
734 990 12
734 1100 4
735 809 10
735 812 10
735 827 12
735 936 8
735 962 10
735 967 13
735 971 14
736 742 13
736 750 7
736 771 8
736 864 8
736 872 11
736 922 12
736 926 7
736 932 10
736 954 13
736 977 6
736 1095 9
737 747 15
737 949 6
737 984 13
737 1019 12
738 765 8
738 769 12
738 780 6
738 800 9
738 804 13
738 930 10
738 966 12
738 976 7
738 1013 12
738 1035 10
738 1044 10
739 746 12
739 749 8
739 760 9
739 781 10
739 786 10
739 796 12
739 799 11
739 805 8
739 808 10
739 822 7
739 836 12
739 891 9
739 919 12
739 946 15
739 959 7
739 968 10
739 1076 10
740 767 15
740 832 11
740 862 10
740 866 13
740 928 9
740 931 9
740 1004 8
740 1011 11
740 1012 14
740 1033 12
740 1090 7
741 750 9
741 793 9
741 839 10
741 867 8
741 932 11
741 941 15
741 956 5
741 977 10
741 995 10
741 1010 8
741 1037 10
742 750 8
742 771 10
742 864 6
742 872 10
742 922 15
742 926 10
742 932 9
742 954 10
742 977 7
742 1075 7
742 1095 9
743 761 7
743 824 11
743 852 8
743 856 6
743 874 6
743 899 9
743 992 8
743 1014 6
743 1041 5
743 1050 4
744 765 11
744 816 12
744 849 15
744 877 8
744 878 13
744 961 11
744 976 14
744 1044 10
744 1093 10
745 779 12
745 825 7
745 831 5
745 916 8
745 924 8
745 933 9
745 979 6
745 1020 11
745 1045 14
745 1049 9
745 1092 8
746 760 5
746 781 12
746 796 10
746 805 5
746 808 12
746 836 16
746 891 9
746 919 10
746 946 11
746 955 9
746 959 11
746 968 12
746 991 10
746 1001 6
746 1076 12
747 790 13
747 791 10
747 845 14
747 846 14
747 859 9
747 949 5
747 984 14
747 1019 13
748 847 13
748 878 5
748 913 11
748 945 8
748 1007 11
748 1008 10
748 1022 6
748 1028 6
748 1032 7
748 1063 10
748 1080 6
748 1094 7
749 760 12
749 786 14
749 799 13
749 805 11
749 822 11
749 873 10
749 946 9
749 1022 7
749 1057 8
749 1066 9
750 771 12
750 801 7
750 843 6
750 867 5
750 922 8
750 932 9
750 941 8
750 956 6
750 977 14
750 1075 8
751 776 11
751 848 10
751 882 9
751 965 10
751 969 10
751 975 9
751 1014 8
751 1041 13
751 1042 12
751 1050 14
752 756 11
752 762 13
752 763 10
752 778 5
752 792 8
752 838 14
752 868 11
752 901 15
752 939 12
752 958 10
752 981 10
752 997 13
752 1056 12
752 1083 8
753 778 8
753 784 9
753 801 7
753 826 11
753 843 9
753 890 10
753 906 13
753 956 8
753 964 13
753 1053 13
753 1082 7
753 1083 9
753 1091 13
754 777 6
754 875 13
754 1009 13
754 1043 15
754 1047 11
754 1068 11
755 773 12
755 818 11
755 823 7
755 935 12
755 970 8
755 979 13
755 1000 7
755 1049 7
755 1065 9
755 1075 7
755 1085 7
755 1092 10
756 762 8
756 763 15
756 823 7
756 838 12
756 868 14
756 869 10
756 901 10
756 939 15
756 944 7
756 958 14
756 970 7
756 981 12
756 997 14
756 1056 12
757 837 10
757 889 9
757 938 10
757 945 11
757 1028 12
757 1032 8
757 1034 5
757 1063 7
757 1080 14
757 1094 12
757 1099 9
758 828 10
758 894 7
758 900 9
758 914 5
758 920 12
758 942 6
758 944 5
758 952 9
758 1000 7
758 1040 9
758 1059 5
758 1085 4
758 1089 8
759 784 11
759 826 7
759 906 10
759 908 16
759 964 9
759 972 9
759 999 8
759 1021 12
759 1029 12
759 1082 16
759 1091 10
760 786 12
760 799 11
760 805 15
760 822 14
760 836 5
760 919 6
760 946 9
760 1018 11
760 1022 9
760 1032 7
760 1066 13
761 802 8
761 824 5
761 856 5
761 882 7
761 888 10
761 1041 6
761 1046 10
761 1050 5
761 1067 9
762 778 8
762 792 8
762 838 12
762 868 8
762 890 7
762 901 14
762 939 9
762 997 10
762 1023 7
762 1053 6
762 1056 9
762 1083 10
763 823 7
763 838 11
763 868 14
763 869 10
763 901 9
763 939 14
763 944 8
763 958 15
763 970 7
763 981 12
763 997 13
763 1056 12
764 772 10
764 861 7
764 917 9
764 950 4
764 980 14
764 1002 9
765 816 8
765 849 12
765 878 11
765 889 6
765 961 14
765 976 13
765 1044 14
765 1063 6
766 850 10
766 871 10
766 912 8
766 996 4
767 832 10
767 862 10
767 866 14
767 885 7
767 931 10
767 1004 7
767 1011 10
767 1012 13
767 1033 11
767 1090 8
768 797 9
768 862 10
768 866 5
768 881 7
768 885 6
768 892 11
768 894 9
768 896 13
768 921 11
768 942 12
768 1054 7
768 1089 7
768 1090 6
769 780 10
769 800 8
769 804 11
769 813 6
769 930 9
769 966 13
769 1017 5
769 1062 8
770 861 12
770 884 9
770 917 8
771 801 8
771 818 7
771 843 6
771 922 11
771 926 8
771 932 8
771 977 10
771 1065 8
771 1075 11
772 795 11
772 811 7
772 834 9
772 950 7
772 960 9
772 980 10
772 1002 15
773 792 5
773 801 5
773 818 12
773 823 9
773 926 6
773 935 12
773 970 8
773 979 9
773 1065 13
773 1075 10
773 1092 9
774 788 9
774 850 8
774 871 12
774 911 9
774 912 10
774 996 9
775 835 14
775 851 12
775 928 14
775 1004 9
775 1072 13
776 848 10
776 882 13
776 888 10
776 929 15
776 986 7
776 1003 7
776 1030 5
776 1041 11
776 1042 8
776 1050 10
776 1067 11
777 863 5
777 898 7
777 1009 6
777 1058 10
777 1084 8
777 1098 6
778 821 12
778 826 11
778 870 9
778 890 14
778 901 6
778 953 8
778 964 9
778 1023 8
778 1053 10
778 1083 10
779 825 5
779 916 12
779 924 7
779 933 8
779 973 8
779 1020 14
779 1045 14
780 813 10
780 840 5
780 966 10
780 1017 9
780 1062 7
781 787 10
781 796 10
781 808 15
781 836 12
781 891 13
781 910 7
781 919 10
781 946 9
781 955 10
781 959 10
781 968 14
781 991 10
781 1076 15
782 827 11
782 842 7
782 902 12
782 903 12
782 936 8
782 971 12
782 983 15
783 787 4
783 830 9
783 916 8
783 918 8
783 955 5
783 973 14
783 988 9
783 1006 10
783 1020 8
783 1060 6
784 801 7
784 839 6
784 843 6
784 867 8
784 906 12
784 908 11
784 956 14
784 964 9
784 972 8
784 977 6
784 1082 11
784 1091 12
785 814 9
785 830 10
785 833 13
785 854 15
785 856 7
785 864 12
785 872 9
785 954 8
785 988 9
785 1015 9
785 1031 10
785 1081 9
785 1095 9
786 796 7
786 799 15
786 805 11
786 822 10
786 873 10
786 919 7
786 946 11
786 1057 8
786 1066 9
787 808 9
787 880 10
787 891 7
787 910 11
787 955 12
787 959 8
787 968 8
787 991 9
787 1006 6
787 1046 6
787 1060 10
787 1076 9
788 850 9
788 871 8
788 895 9
788 905 8
788 911 15
788 996 15
788 1086 10
789 865 9
789 923 12
789 940 13
789 974 13
789 1087 13
789 1088 15
790 791 10
790 794 11
790 845 15
790 846 15
790 870 9
790 876 11
790 953 10
790 984 13
790 1019 12
790 1023 10
790 1027 9
791 821 12
791 845 11
791 846 11
791 859 13
791 870 15
791 953 13
791 1023 11
792 823 9
792 868 9
792 901 7
792 935 7
792 970 8
792 981 8
792 997 9
792 1053 6
792 1056 11
792 1065 5
792 1083 9
793 904 8
793 932 8
793 941 10
793 995 13
793 1010 14
793 1037 9
793 1078 7
793 1096 6
794 845 10
794 846 10
794 865 6
794 876 9
794 963 6
794 984 11
794 1019 11
794 1027 10
794 1088 6
795 811 11
795 834 11
795 857 9
795 982 11
795 1002 10
795 1016 13
796 799 8
796 808 11
796 836 10
796 891 13
796 919 16
796 937 6
796 946 12
796 968 12
796 986 7
796 1003 9
796 1076 11
797 828 10
797 862 7
797 894 15
797 896 12
797 921 9
797 942 11
797 957 12
797 1040 12
797 1089 14
798 928 6
798 1004 9
798 1038 11
799 805 10
799 822 9
799 873 10
799 919 8
799 946 12
799 1057 8
799 1066 8
800 804 12
800 885 6
800 909 8
800 930 15
800 947 8
800 966 11
800 1013 10
800 1035 13
800 1077 9
801 843 14
801 906 6
801 956 8
801 977 7
801 1053 6
801 1065 7
801 1075 8
802 814 13
802 833 8
802 854 7
802 856 8
802 880 6
802 910 6
802 988 6
802 1015 10
802 1031 11
802 1046 10
802 1060 8
804 930 13
804 966 12
804 1013 14
804 1035 13
804 1044 8
805 822 15
805 836 5
805 946 8
805 1001 10
805 1018 12
805 1022 10
805 1032 8
805 1066 14
806 817 14
806 852 11
806 897 14
806 899 10
806 948 7
806 992 10
806 1010 5
806 1048 12
806 1078 10
807 819 15
807 820 9
807 825 7
807 831 7
807 881 8
807 900 6
807 914 14
807 1054 8
807 1059 14
807 1085 7
808 836 12
808 891 13
808 910 7
808 919 11
808 946 9
808 955 10
808 959 10
808 968 15
808 991 10
808 1076 16
809 812 16
809 827 12
809 948 11
809 962 11
809 971 10
809 983 7
809 1048 9
809 1078 8
810 1025 11
811 857 13
811 980 10
811 982 14
812 827 12
812 948 11
812 962 11
812 971 10
812 983 7
812 1048 9
812 1078 8
813 840 8
813 877 5
813 1017 7
813 1062 8
814 830 7
814 833 11
814 854 10
814 856 8
814 988 9
814 1015 11
814 1031 14
814 1046 7
814 1060 6
815 853 10
815 893 10
815 927 14
815 938 9
815 978 14
815 1034 13
815 1099 8
816 847 7
816 849 11
816 878 13
816 913 6
816 961 8
816 976 10
816 1007 6
816 1044 7
816 1063 9
816 1093 8
817 852 10
817 897 16
817 899 9
817 904 6
817 948 8
817 992 9
817 1048 14
817 1078 10
818 922 6
818 926 10
818 935 9
818 979 9
818 1065 11
818 1075 12
818 1092 10
819 820 8
819 825 8
819 831 8
819 881 8
819 900 6
819 914 13
819 1054 8
819 1059 13
820 825 6
820 914 11
820 979 6
820 1000 10
820 1049 10
820 1059 10
820 1085 14
820 1092 4
821 826 9
821 846 7
821 859 11
821 870 13
821 890 10
821 953 11
821 964 7
821 1023 9
822 946 7
822 1001 9
822 1018 12
822 1022 11
822 1032 9
822 1066 14
823 868 9
823 935 11
823 958 8
823 970 15
823 981 11
823 997 8
823 1056 10
823 1065 8
824 852 10
824 856 10
824 874 10
824 899 8
824 992 11
824 1015 6
825 831 13
825 853 8
825 924 9
825 933 9
825 1020 6
825 1045 6
825 1049 7
826 870 7
826 890 13
826 906 11
826 908 7
826 964 14
826 1053 10
826 1082 7
826 1083 7
826 1091 11
827 902 8
827 903 8
827 948 9
827 962 9
827 971 14
827 983 11
828 844 11
828 894 11
828 920 14
828 944 5
828 952 13
828 957 13
828 1040 11
828 1089 12
829 834 10
829 848 10
829 915 13
829 960 12
829 965 6
829 1002 9
829 1016 7
829 1030 6
829 1042 8
829 1061 8
829 1074 4
830 833 10
830 854 10
830 864 10
830 916 10
830 973 10
830 988 14
830 1031 9
830 1095 8
831 853 11
831 924 8
831 933 8
831 978 6
831 1020 5
832 851 11
832 862 7
832 866 9
832 925 6
832 928 9
832 1011 9
832 1012 12
832 1033 11
832 1064 6
833 854 14
833 856 10
833 864 9
833 874 7
833 988 10
833 1015 12
833 1031 12
833 1081 7
833 1095 7
834 848 4
834 915 7
834 960 8
834 1002 10
834 1016 12
834 1030 6
834 1074 6
835 851 13
835 928 12
835 1072 11
836 891 9
836 919 10
836 946 11
836 955 9
836 959 11
836 968 12
836 991 10
836 1001 6
836 1076 12
837 889 14
837 927 6
837 938 11
837 945 12
837 1013 5
837 1028 14
837 1034 7
837 1063 8
837 1080 8
837 1094 13
837 1099 12
838 868 12
838 869 8
838 901 14
838 939 13
838 958 11
838 981 10
838 997 14
838 1023 5
838 1056 12
838 1083 6
839 867 14
839 941 9
839 956 8
839 972 9
839 977 8
839 995 7
839 999 9
839 1037 10
839 1071 11
840 877 12
840 1062 12
840 1093 9
841 844 8
841 907 9
841 925 7
841 963 9
841 994 16
841 998 11
841 1024 11
841 1051 10
841 1064 7
842 860 7
842 902 5
842 903 7
842 936 12
842 983 6
842 985 13
842 987 15
842 990 6
842 1036 15
842 1039 15
842 1100 15
843 906 7
843 956 7
843 977 6
843 1053 8
843 1065 6
843 1075 7
843 1083 6
844 920 10
844 944 6
844 952 12
844 957 9
844 994 8
844 998 9
844 1051 8
845 846 16
845 859 9
845 870 10
845 876 10
845 953 10
845 984 14
845 1019 13
845 1023 9
845 1027 8
846 859 9
846 870 10
846 876 10
846 953 10
846 984 14
846 1019 13
846 1023 9
846 1027 8
847 863 10
847 878 6
847 913 14
847 945 5
847 1007 14
847 1008 13
847 1022 5
847 1032 5
847 1063 8
848 915 11
848 929 9
848 960 10
848 965 11
848 1030 6
848 1041 9
848 1042 13
848 1061 8
849 877 9
849 878 13
849 961 11
849 976 15
849 1044 11
849 1093 9
850 871 11
850 911 9
850 996 10
850 1086 7
851 925 3
851 928 12
851 1012 10
851 1033 9
851 1064 3
852 897 10
852 899 14
852 948 7
852 992 13
852 1048 9
853 893 8
853 924 6
853 927 10
853 933 6
853 978 11
853 1034 9
854 856 8
854 864 11
854 872 8
854 954 7
854 988 10
854 1015 10
854 1031 11
854 1081 8
854 1095 9
855 879 11
855 902 9
855 903 8
855 950 8
855 969 10
855 975 11
855 983 6
855 1014 8
855 1052 12
855 1073 15
856 874 12
856 992 6
856 1015 12
856 1031 8
856 1081 9
857 980 7
857 982 14
857 1016 8
858 923 9
858 1087 9
859 870 12
859 949 8
859 953 10
859 1021 5
859 1029 5
860 917 7
860 985 10
860 987 8
860 990 14
860 1039 8
860 1100 8
861 917 12
861 980 6
861 990 6
862 866 10
862 885 7
862 894 7
862 896 7
862 931 7
862 942 6
862 1012 8
862 1090 8
863 905 5
863 913 11
863 1007 12
863 1008 11
863 1058 10
863 1084 7
864 872 11
864 916 5
864 954 10
864 988 9
864 1095 13
865 876 3
865 907 12
865 963 15
865 998 10
865 1024 13
865 1027 7
865 1088 10
866 885 9
866 931 12
866 1011 8
866 1012 11
866 1033 9
866 1077 6
866 1090 10
867 906 4
867 908 8
867 941 7
867 956 10
867 972 11
867 977 7
867 999 10
867 1037 8
867 1071 12
867 1091 4
868 869 8
868 901 10
868 935 5
868 939 14
868 944 6
868 958 14
868 970 9
868 981 14
868 997 14
868 1056 14
869 907 8
869 939 10
869 944 10
869 952 4
869 958 10
869 997 8
869 998 7
869 1051 10
870 876 8
870 890 7
870 953 13
870 1023 11
871 911 8
871 912 10
871 996 9
872 922 9
872 926 7
872 954 14
872 1081 7
872 1095 13
873 946 7
873 1030 7
873 1057 14
873 1074 10
873 1098 6
874 992 10
874 1015 9
874 1081 13
874 1096 10
875 1009 11
875 1043 14
875 1047 13
875 1068 13
876 953 11
876 1023 13
876 1027 12
877 976 9
877 1062 13
877 1093 11
878 961 11
878 976 12
878 1007 5
878 1044 10
878 1063 8
878 1093 7
879 899 5
879 902 10
879 903 8
879 948 5
879 969 7
879 983 8
879 1014 8
879 1052 7
879 1073 12
880 891 9
880 910 15
880 937 13
880 986 10
880 1003 9
880 1046 11
880 1060 10
880 1067 7
881 892 9
881 896 8
881 900 10
881 909 5
881 914 7
881 921 10
881 942 8
881 1040 4
881 1054 15
881 1059 8
882 888 13
882 929 12
882 937 7
882 986 9
882 1003 8
882 1041 11
882 1050 10
882 1067 14
883 949 12
883 1026 15
883 1069 11
885 892 8
885 931 11
885 947 11
885 1077 12
885 1090 15
886 967 8
886 993 12
886 1079 11
887 1005 14
887 1097 12
888 929 10
888 937 9
888 986 10
888 1041 9
888 1046 9
888 1050 8
888 1067 15
889 938 9
889 945 12
889 961 7
889 1013 6
889 1028 13
889 1063 9
889 1080 8
889 1094 12
889 1099 10
890 906 8
890 964 11
890 1053 12
890 1083 10
890 1091 8
891 910 10
891 919 13
891 937 9
891 946 9
891 968 13
891 986 9
891 1003 11
891 1076 13
892 896 9
892 909 8
892 921 11
892 942 9
892 947 10
892 1054 10
892 1077 7
892 1090 8
893 918 4
893 924 6
893 927 8
893 933 5
893 938 8
893 978 8
893 1001 4
893 1034 8
893 1080 4
894 896 12
894 900 8
894 921 9
894 942 12
894 957 12
894 1040 13
894 1089 14
895 898 13
895 905 15
895 911 8
895 996 8
895 1084 12
895 1086 13
896 900 10
896 921 13
896 942 15
896 1040 10
896 1054 7
896 1089 10
897 899 9
897 904 6
897 948 8
897 992 9
897 1048 14
897 1078 10
898 905 14
898 1009 5
898 1058 7
898 1084 13
898 1086 10
899 948 8
899 992 11
899 1014 5
899 1048 8
900 914 7
900 921 11
900 942 11
900 1040 10
900 1054 9
900 1059 7
900 1089 7
901 939 11
901 958 9
901 997 12
901 1023 6
901 1056 11
901 1083 8
902 903 14
902 971 8
902 983 13
902 1073 10
903 971 8
903 983 13
903 1073 9
903 1100 6
904 934 7
904 995 9
904 1037 8
904 1048 6
904 1055 8
904 1078 10
905 911 7
905 1058 7
905 1084 13
905 1086 12
906 908 10
906 956 10
906 964 13
906 1053 10
906 1082 10
906 1091 16
907 963 13
907 994 9
907 998 11
907 1024 13
907 1027 5
907 1051 12
908 956 9
908 964 9
908 972 9
908 999 8
908 1021 12
908 1029 12
908 1082 16
908 1091 10
909 921 5
909 930 8
909 947 13
909 1035 7
909 1054 6
909 1077 8
910 937 12
910 986 9
910 1003 9
910 1046 10
910 1060 10
910 1076 7
911 996 15
911 1086 9
911 1093 5
913 1007 15
913 1008 15
913 1058 5
913 1063 6
914 1000 6
914 1054 7
914 1059 15
914 1085 9
915 960 15
915 965 8
915 1002 9
915 1042 10
915 1061 10
916 973 10
916 988 8
916 1020 11
916 1045 10
916 1095 5
917 980 7
917 985 4
917 990 9
918 924 9
918 933 8
918 955 6
918 959 6
918 973 8
918 991 6
918 1006 13
918 1020 8
919 946 12
919 968 12
919 986 7
919 1003 9
919 1076 11
920 944 6
920 952 13
920 957 11
920 1000 4
920 1040 11
921 942 13
921 947 5
921 1040 9
921 1054 10
922 926 11
922 932 9
922 954 9
922 977 7
922 1075 8
922 1095 8
923 940 11
923 974 11
923 1087 15
924 933 15
924 1006 6
924 1020 9
924 1045 7
925 994 7
925 1064 16
926 954 6
926 1065 7
926 1075 8
926 1092 6
926 1095 7
927 938 10
927 978 14
927 1034 15
927 1099 10
928 1004 11
928 1011 10
928 1012 10
928 1033 11
928 1072 11
929 986 7
929 1003 7
929 1030 6
929 1041 10
929 1042 7
929 1050 9
929 1067 11
929 1074 3
930 947 7
930 966 12
930 1013 11
930 1035 14
930 1077 8
931 947 6
931 1011 7
931 1017 7
931 1077 9
931 1090 12
932 941 12
932 954 7
932 977 9
932 995 7
932 1010 7
933 1006 5
933 1020 10
933 1045 8
934 951 13
934 972 10
934 989 13
934 993 9
934 999 11
934 1055 15
934 1071 12
935 970 12
935 979 9
935 981 7
935 1000 5
935 1056 5
935 1065 9
935 1075 6
935 1092 7
936 967 10
936 971 9
936 987 12
936 1036 13
936 1039 12
936 1100 12
937 968 6
937 986 13
937 1003 11
937 1046 10
937 1060 8
937 1067 9
937 1076 6
938 945 8
938 978 8
938 1028 10
938 1034 11
938 1080 9
938 1094 9
938 1099 15
939 944 7
939 958 14
939 981 12
939 997 14
939 1056 12
940 974 16
940 1019 5
940 1087 12
940 1088 12
941 977 9
941 995 11
941 1010 9
941 1037 10
942 1040 11
942 1054 7
942 1089 10
944 952 8
944 958 8
944 981 5
944 1000 3
944 1051 10
945 961 6
945 1028 14
945 1032 6
945 1063 10
945 1080 11
945 1094 15
945 1099 9
946 968 9
946 1076 9
947 1035 6
947 1054 6
947 1077 11
947 1090 10
948 971 7
948 983 8
948 1048 10
948 1078 7
949 1021 9
949 1026 13
949 1029 9
949 1069 8
950 965 8
950 975 9
950 1002 7
950 1052 11
950 1061 11
950 1073 7
951 972 13
951 989 11
951 999 14
951 1037 10
951 1055 13
951 1071 13
952 957 11
952 1051 6
952 1089 9
953 1023 14
954 1081 7
954 1095 11
954 1096 8
955 959 12
955 968 9
955 991 13
955 1006 8
955 1060 6
955 1076 10
956 972 7
956 977 8
956 1082 9
956 1091 10
957 1040 12
957 1089 14
958 970 8
958 981 13
958 997 13
958 1056 12
959 968 10
959 991 15
959 1001 6
959 1006 6
959 1076 10
960 965 8
960 1002 10
960 1042 9
960 1061 10
961 976 11
961 1028 6
961 1044 12
961 1063 8
961 1094 6
962 967 8
962 971 9
962 993 6
963 994 9
963 998 11
963 1024 14
963 1027 7
963 1051 9
963 1088 9
964 1053 10
964 1082 9
964 1083 7
964 1091 13
965 969 11
965 975 11
965 1042 14
965 1050 8
965 1052 9
965 1061 12
966 1013 10
966 1017 6
966 1035 10
966 1077 7
967 971 12
968 991 10
968 1003 8
968 1076 15
969 975 14
969 1014 12
969 1041 7
969 1042 10
969 1050 9
969 1052 12
969 1061 7
969 1073 9
970 979 6
970 981 11
970 997 8
970 1000 4
970 1056 9
970 1065 7
971 983 11
972 999 15
972 1055 10
972 1071 13
972 1082 9
973 988 10
973 1006 8
973 1020 9
973 1031 6
974 1087 12
974 1088 12
975 1014 11
975 1042 9
975 1052 13
975 1061 9
975 1073 10
976 1044 12
976 1093 9
977 1075 6
978 1034 13
978 1099 8
979 1000 8
979 1049 10
979 1085 8
979 1092 13
980 982 9
980 1002 9
981 997 12
981 1056 13
982 1016 9
983 1073 7
984 1019 15
985 987 14
985 990 9
985 1036 13
985 1039 14
985 1100 14
986 1003 14
986 1046 7
986 1067 11
987 990 7
987 1036 15
987 1039 16
987 1100 16
988 1031 11
989 993 11
989 999 10
989 1055 12
989 1069 7
989 1071 10
989 1079 12
990 1039 7
990 1100 7
991 1006 7
991 1060 3
991 1076 10
992 1081 8
992 1096 7
993 1079 14
994 998 11
994 1024 11
994 1051 10
994 1064 7
995 1010 11
995 1037 11
995 1078 6
996 1086 9
997 1056 14
997 1083 6
998 1024 13
998 1051 13
999 1037 8
999 1055 11
999 1071 14
999 1082 8
1000 1049 7
1000 1059 6
1000 1085 12
1001 1018 13
1001 1022 9
1001 1032 9
1001 1066 11
1001 1080 6
1002 1016 8
1002 1061 7
1003 1067 9
1004 1011 13
1004 1012 8
1004 1033 11
1004 1038 11
1005 1097 14
1007 1008 14
1007 1058 6
1007 1063 6
1008 1022 6
1008 1058 6
1009 1043 13
1010 1037 7
1010 1078 7
1010 1096 7
1011 1012 11
1011 1017 5
1011 1033 14
1011 1038 9
1012 1033 13
1013 1035 13
1013 1044 9
1014 1041 6
1014 1050 8
1014 1073 8
1015 1031 12
1015 1081 7
1017 1038 6
1017 1077 6
1018 1022 12
1018 1032 11
1018 1066 14
1018 1080 5
1020 1045 12
1021 1026 11
1021 1029 16
1021 1069 10
1021 1082 12
1022 1032 13
1022 1066 12
1022 1080 6
1024 1051 10
1024 1088 7
1026 1029 11
1026 1069 11
1028 1034 6
1028 1063 9
1028 1080 10
1028 1094 15
1028 1099 11
1029 1069 10
1029 1082 12
1030 1057 6
1030 1074 12
1031 1060 5
1032 1066 10
1032 1080 9
1032 1094 5
1033 1038 7
1034 1099 11
1036 1039 15
1036 1100 15
1037 1055 12
1037 1071 10
1039 1100 16
1040 1089 12
1041 1042 9
1041 1050 14
1041 1067 9
1042 1050 10
1042 1061 10
1043 1047 11
1043 1068 11
1045 1049 7
1045 1092 7
1046 1060 11
1046 1067 8
1047 1068 16
1047 1098 8
1048 1078 12
1049 1085 10
1049 1092 9
1050 1067 8
1052 1061 10
1052 1073 11
1053 1083 12
1053 1091 10
1054 1059 8
1055 1071 13
1056 1083 7
1057 1074 9
1057 1098 8
1058 1084 10
1058 1098 5
1059 1085 9
1062 1093 8
1063 1080 7
1063 1094 10
1065 1075 13
1068 1098 8
1077 1090 11
1080 1094 10
1080 1099 8
1081 1096 13
1082 1091 10
1084 1086 9
1087 1088 12
1094 1099 10
