1 2 15
1 7 10
1 23 16
1 26 8
1 35 15
1 37 13
1 41 7
1 51 8
1 52 14
1 54 17
1 56 16
1 57 17
1 66 18
1 67 15
1 76 16
1 86 13
1 100 19
1 312 15
1 334 16
2 23 17
2 26 12
2 33 10
2 35 19
2 37 14
2 54 13
2 56 13
2 57 14
2 66 16
2 67 16
2 72 10
2 76 12
2 86 15
2 100 15
2 312 13
2 334 13
2 363 11
2 375 10
3 17 15
3 19 12
3 30 10
3 50 11
3 53 10
3 61 14
3 64 12
3 69 12
3 71 10
3 75 12
3 80 8
3 83 12
3 88 9
3 93 14
4 5 11
4 8 18
4 24 9
4 36 11
4 39 8
4 40 10
4 47 10
4 55 14
4 70 14
4 85 12
4 96 8
4 99 12
4 118 11
4 121 17
4 139 14
4 141 12
4 179 10
5 8 11
5 34 14
5 40 18
5 47 13
5 48 16
5 73 16
5 85 16
5 99 14
5 118 14
5 125 17
5 139 13
5 144 16
5 160 10
5 162 16
5 172 12
5 174 14
5 179 12
5 184 9
5 541 17
6 10 12
6 18 16
6 21 14
6 22 10
6 31 14
6 34 8
6 47 8
6 48 6
6 65 17
6 78 12
6 79 12
6 84 17
6 91 10
6 92 18
6 97 10
6 144 6
7 9 11
7 15 12
7 20 10
7 29 12
7 32 11
7 35 7
7 37 10
7 41 16
7 46 12
7 51 14
7 54 11
7 56 12
7 62 14
7 63 12
7 66 9
7 74 11
7 76 10
7 82 10
7 100 10
8 36 11
8 39 8
8 47 10
8 55 14
8 59 8
8 70 13
8 85 12
8 96 8
8 99 12
8 118 11
8 121 17
8 139 14
8 141 12
8 179 11
8 184 9
9 15 17
9 19 15
9 20 17
9 29 16
9 30 15
9 32 16
9 41 14
9 43 14
9 46 17
9 49 9
9 50 14
9 51 11
9 58 9
9 62 14
9 63 15
9 69 15
9 74 17
9 82 16
9 89 16
10 13 13
10 18 11
10 21 16
10 22 12
10 31 16
10 47 6
10 68 13
10 70 6
10 79 11
10 91 12
10 92 13
10 97 15
10 99 4
10 139 4
11 71 14
11 77 10
11 83 17
12 14 16
12 44 14
12 53 11
12 60 7
12 61 8
12 80 12
12 88 11
12 95 16
12 325 13
13 15 8
13 20 10
13 21 13
13 22 13
13 29 9
13 31 12
13 32 10
13 43 14
13 58 12
13 63 10
13 68 19
13 79 11
13 82 11
13 89 12
13 91 14
13 92 8
13 97 17
14 44 15
14 60 6
14 95 14
14 325 15
15 19 14
15 20 17
15 29 18
15 30 13
15 32 17
15 41 15
15 43 13
15 46 18
15 50 12
15 51 12
15 56 5
15 62 15
15 63 17
15 69 15
15 74 17
15 82 16
15 89 15
16 18 11
16 22 15
16 45 18
16 49 11
16 58 12
16 71 8
16 77 14
16 79 15
16 81 16
16 84 10
16 87 15
16 91 14
16 98 12
17 44 10
17 53 14
17 61 17
17 75 13
17 80 12
17 88 13
17 93 15
17 325 12
18 21 14
18 22 13
18 31 14
18 45 12
18 65 18
18 78 14
18 79 15
18 84 18
18 91 13
18 92 15
18 97 11
19 20 13
19 29 13
19 30 16
19 32 13
19 43 12
19 46 15
19 49 9
19 50 16
19 51 11
19 62 13
19 64 15
19 69 18
19 74 16
19 75 9
19 82 12
19 89 13
19 93 11
20 29 17
20 30 14
20 32 17
20 41 13
20 43 15
20 46 16
20 50 13
20 58 10
20 62 13
20 63 16
20 68 10
20 69 14
20 74 16
20 82 18
20 89 17
21 22 13
21 31 18
21 65 13
21 68 13
21 79 14
21 84 13
21 91 13
21 92 14
21 97 15
22 31 13
22 43 8
22 45 15
22 49 11
22 58 13
22 68 13
22 79 17
22 81 13
22 91 18
22 92 10
22 97 15
22 98 10
23 26 10
23 35 17
23 37 12
23 52 13
23 54 14
23 56 13
23 57 15
23 66 17
23 67 18
23 76 13
23 86 16
23 100 16
23 312 15
23 334 14
23 363 10
23 368 5
23 375 9
24 26 12
24 28 10
24 33 10
24 36 12
24 37 6
24 39 16
24 55 13
24 70 10
24 72 13
24 96 17
24 116 12
24 121 10
24 141 14
25 34 11
25 48 11
25 104 9
25 125 12
25 130 10
25 144 11
25 154 12
25 158 6
25 160 15
25 165 8
25 172 17
25 174 12
26 28 10
26 33 15
26 35 12
26 37 12
26 39 10
26 55 6
26 66 9
26 67 10
26 72 17
26 96 11
26 100 8
26 116 12
26 141 7
26 363 13
26 375 13
27 38 12
27 86 4
27 305 9
27 311 10
27 315 16
27 326 16
27 330 11
27 338 12
27 341 13
27 355 9
27 356 12
27 361 11
27 363 7
27 366 15
27 368 15
27 380 16
27 391 18
28 33 11
28 36 7
28 38 6
28 39 12
28 55 7
28 72 12
28 90 11
28 96 11
28 116 16
28 119 4
28 141 9
28 142 9
28 341 6
28 342 4
28 350 6
28 363 7
28 375 10
28 400 6
29 30 12
29 32 18
29 41 15
29 43 13
29 46 17
29 51 12
29 62 15
29 63 18
29 68 9
29 69 14
29 74 16
29 82 17
29 89 15
30 32 12
30 43 13
30 46 13
30 49 12
30 50 18
30 58 10
30 62 10
30 64 17
30 69 15
30 71 13
30 74 13
30 82 13
30 89 14
30 98 10
31 47 5
31 65 13
31 68 12
31 79 14
31 84 13
31 91 13
31 92 15
31 97 14
32 41 14
32 43 14
32 46 16
32 51 11
32 62 14
32 63 18
32 68 10
32 69 14
32 74 16
32 82 18
32 89 16
32 97 8
33 35 10
33 37 10
33 38 7
33 39 9
33 72 15
33 86 9
33 90 6
33 96 9
33 116 14
33 341 7
33 363 15
33 368 7
33 375 17
34 40 14
34 47 13
34 48 17
34 65 6
34 73 13
34 84 6
34 92 9
34 99 12
34 125 15
34 144 17
34 172 12
34 174 12
34 541 14
35 37 14
35 54 13
35 56 13
35 57 14
35 66 16
35 67 16
35 72 10
35 76 12
35 86 15
35 100 15
35 312 13
35 334 13
35 363 11
35 375 10
36 39 13
36 55 15
36 59 12
36 70 9
36 72 6
36 96 13
36 120 6
36 121 13
36 134 12
36 141 15
36 142 9
36 199 5
36 394 6
37 41 7
37 54 11
37 56 11
37 66 13
37 67 11
37 72 10
37 86 10
37 96 5
37 100 13
38 116 6
38 305 10
38 315 11
38 339 10
38 341 18
38 350 8
38 355 10
38 361 14
38 363 10
38 368 14
38 375 9
38 391 12
39 55 13
39 59 7
39 70 9
39 72 12
39 90 6
39 96 18
39 116 12
39 121 10
39 134 7
39 141 15
39 142 8
40 47 12
40 48 16
40 73 17
40 85 16
40 94 10
40 99 13
40 118 14
40 125 18
40 139 12
40 144 16
40 160 11
40 162 17
40 172 12
40 174 15
40 179 12
40 184 9
40 541 18
41 46 15
41 51 14
41 54 8
41 56 9
41 62 15
41 63 15
41 69 12
41 74 14
41 76 7
41 82 13
41 89 11
42 60 16
42 95 8
42 330 13
42 338 14
42 352 12
42 356 13
42 371 10
42 421 11
43 46 12
43 49 11
43 50 12
43 58 14
43 63 13
43 68 14
43 74 12
43 82 15
43 89 17
43 91 9
43 97 12
44 52 11
44 53 15
44 60 3
44 61 11
44 80 16
44 88 15
44 95 11
44 325 17
45 49 10
45 58 12
45 65 11
45 77 13
45 79 16
45 81 15
45 84 11
45 87 15
45 91 14
45 98 11
46 50 13
46 51 13
46 56 5
46 62 16
46 63 16
46 69 16
46 74 18
46 82 15
46 89 14
46 93 10
47 48 13
47 70 11
47 85 13
47 92 9
47 99 17
47 121 8
47 125 11
47 139 15
47 144 14
47 162 10
47 541 11
48 73 15
48 85 13
48 92 7
48 99 13
48 125 17
48 139 12
48 144 18
48 160 11
48 162 15
48 172 13
48 174 14
48 541 16
49 50 12
49 58 16
49 64 12
49 68 9
49 71 13
49 79 9
49 81 14
49 89 10
49 91 11
49 98 17
50 58 10
50 64 18
50 69 15
50 71 13
50 74 13
50 89 13
50 93 9
50 98 10
51 54 10
51 56 11
51 62 16
51 69 12
51 74 13
51 75 13
51 76 11
51 93 12
51 100 8
51 334 9
52 54 14
52 57 16
52 66 14
52 67 13
52 76 14
52 80 11
52 86 12
52 88 10
52 95 7
52 100 14
52 312 16
52 334 16
53 61 15
53 75 13
53 80 17
53 88 18
53 93 12
53 325 17
54 56 18
54 57 17
54 62 7
54 66 16
54 67 13
54 75 8
54 76 18
54 100 17
54 312 15
54 334 16
55 59 8
55 70 13
55 72 7
55 96 13
55 99 7
55 121 16
55 134 8
55 139 9
55 141 17
56 57 16
56 62 8
56 66 15
56 67 12
56 75 9
56 76 17
56 100 16
56 312 14
56 334 15
57 66 16
57 67 14
57 75 8
57 76 16
57 86 13
57 88 9
57 100 17
57 312 17
57 334 18
58 68 12
58 79 11
58 81 14
58 82 10
58 89 12
58 91 13
58 97 10
58 98 14
59 110 8
59 120 12
59 121 9
59 124 7
59 134 17
59 141 8
59 142 9
59 153 11
59 179 6
59 184 9
59 192 9
59 195 8
59 199 10
59 394 12
59 546 8
60 95 10
60 326 11
60 330 14
60 338 15
60 356 14
60 380 11
60 421 8
61 80 13
61 83 8
61 88 14
61 325 13
62 63 14
62 69 14
62 74 16
62 75 12
62 76 8
62 82 13
62 93 12
63 68 10
63 74 15
63 82 17
63 89 15
63 97 8
64 69 14
64 71 14
64 83 13
64 98 11
65 78 14
65 79 14
65 84 19
65 92 16
66 67 16
66 76 15
66 86 14
66 100 18
66 312 15
66 334 15
66 363 8
67 76 12
67 86 17
67 100 15
67 312 16
67 334 13
67 363 11
67 368 6
67 375 9
67 391 4
68 79 11
68 82 11
68 89 12
68 91 14
68 92 8
68 97 17
69 74 17
69 75 9
69 82 13
69 89 13
69 93 11
70 96 9
70 99 11
70 121 13
70 139 12
70 141 12
71 77 13
71 81 11
71 83 16
71 98 15
72 90 5
72 96 12
72 116 14
72 141 8
72 363 12
72 375 13
73 85 15
73 94 12
73 99 11
73 110 10
73 118 15
73 125 17
73 136 8
73 139 10
73 144 14
73 160 12
73 162 18
73 172 12
73 174 17
73 179 13
73 184 11
73 541 18
74 75 9
74 82 15
74 89 14
74 93 10
75 76 9
75 80 12
75 88 13
75 93 17
75 334 9
76 93 7
76 100 16
76 312 14
76 334 17
77 81 17
77 83 11
77 87 15
77 98 16
78 84 14
78 87 10
78 130 7
78 146 8
78 148 6
79 81 12
79 84 14
79 91 16
79 92 12
79 97 13
79 98 9
80 88 18
80 93 11
80 95 9
80 325 18
81 87 15
81 91 12
81 98 15
82 89 17
82 97 9
83 98 13
84 92 16
85 94 10
85 99 14
85 110 9
85 118 16
85 121 10
85 125 15
85 139 14
85 144 13
85 162 16
85 174 13
85 179 15
85 184 12
85 541 16
86 100 13
86 312 15
86 334 12
86 363 12
86 368 8
86 375 9
86 391 5
88 93 12
88 312 8
88 325 17
88 334 10
89 97 10
90 116 9
90 119 12
90 142 11
90 167 9
90 199 7
90 324 7
90 342 10
90 350 9
90 359 7
90 372 12
90 375 6
90 382 13
90 400 14
90 560 9
91 92 10
91 97 16
92 97 10
92 99 7
92 139 6
92 144 7
93 334 7
94 106 7
94 110 14
94 113 7
94 118 13
94 125 10
94 136 14
94 151 14
94 157 6
94 158 6
94 160 11
94 162 12
94 174 13
94 179 13
94 184 12
94 541 11
94 546 7
95 325 10
95 338 7
96 116 12
96 121 10
96 141 15
96 142 7
96 375 7
99 118 11
99 121 10
99 125 12
99 139 17
99 144 14
99 162 11
99 541 12
100 312 15
100 334 16
101 111 6
101 123 13
101 133 9
101 161 16
101 177 10
101 204 10
101 208 11
101 229 9
101 234 8
101 242 12
101 246 15
101 252 10
101 258 12
101 279 7
101 287 6
101 289 13
102 113 9
102 126 9
102 129 11
102 131 13
102 153 8
102 157 11
102 159 14
102 185 14
102 187 17
102 189 13
102 191 18
102 192 10
102 195 11
102 196 12
102 198 12
102 543 12
102 546 10
102 571 13
102 596 14
103 114 9
103 115 10
103 127 6
103 129 15
103 131 13
103 135 12
103 140 12
103 145 9
103 169 14
103 180 15
103 181 9
103 185 10
103 187 10
103 191 9
103 196 12
103 198 13
103 596 12
104 106 15
104 109 9
104 112 10
104 128 10
104 155 11
104 158 15
104 160 10
104 165 12
104 166 11
104 172 7
104 176 10
104 243 12
105 111 11
105 138 8
105 147 10
105 149 9
105 156 11
105 161 6
105 177 10
105 183 10
105 186 10
105 188 13
105 194 11
105 197 17
105 211 8
105 217 13
105 231 12
105 234 17
105 250 12
105 268 11
105 279 12
105 294 14
106 112 13
106 113 9
106 128 14
106 136 8
106 145 11
106 151 10
106 155 14
106 158 18
106 160 8
106 163 10
106 165 9
106 166 13
106 176 12
106 243 11
107 122 9
107 132 14
107 152 9
107 171 15
107 206 8
107 219 12
107 253 8
107 254 9
107 274 17
107 283 12
107 287 12
107 502 14
107 597 10
107 725 15
107 754 8
107 758 6
107 775 15
107 784 11
108 109 9
108 137 12
108 138 13
108 147 12
108 156 11
108 163 12
108 166 9
108 168 17
108 176 10
108 181 13
108 183 13
108 194 12
108 202 5
108 243 11
108 263 13
109 143 11
109 154 8
109 165 15
109 170 11
109 243 14
109 263 11
109 285 14
110 113 6
110 118 11
110 134 6
110 136 14
110 151 11
110 153 10
110 157 7
110 162 10
110 174 11
110 179 13
110 184 16
110 192 8
110 195 9
110 541 9
110 546 11
111 114 9
111 127 9
111 149 13
111 152 11
111 156 11
111 161 9
111 183 10
111 186 15
111 188 15
111 194 10
111 197 9
111 206 12
111 211 15
111 234 11
111 252 8
111 283 8
111 565 12
112 113 10
112 115 9
112 126 12
112 128 18
112 135 14
112 137 12
112 140 12
112 145 17
112 151 8
112 155 18
112 157 8
112 158 13
112 163 13
112 166 15
112 169 12
112 176 15
112 181 9
112 198 8
113 126 14
113 128 10
113 131 9
113 135 10
113 136 10
113 145 9
113 151 12
113 155 9
113 157 17
113 169 7
113 187 10
113 191 9
113 195 9
113 198 11
113 546 10
114 115 14
114 127 9
114 137 11
114 140 11
114 145 7
114 147 10
114 149 15
114 156 14
114 163 7
114 168 12
114 169 8
114 180 11
114 181 14
114 183 13
114 186 13
114 188 10
114 194 11
114 211 8
115 129 7
115 135 10
115 137 15
115 140 16
115 145 11
115 149 10
115 156 10
115 163 11
115 166 10
115 168 12
115 169 12
115 176 11
115 180 12
115 181 18
115 183 10
115 186 8
115 194 8
116 141 8
116 142 7
116 341 6
116 350 6
116 363 10
116 375 13
116 400 4
117 159 11
117 182 12
117 185 10
117 189 11
117 196 9
117 517 8
117 525 6
117 543 8
117 557 12
117 569 6
117 591 7
117 598 12
117 599 10
117 600 8
118 121 9
118 125 13
118 136 9
118 139 11
118 151 8
118 160 10
118 162 15
118 174 14
118 179 17
118 184 14
118 541 14
119 120 9
119 124 14
119 134 6
119 142 12
119 164 9
119 167 15
119 199 12
119 324 6
119 342 17
119 359 6
119 372 14
119 382 14
119 392 6
119 394 9
119 400 14
119 529 9
119 560 8
120 124 14
120 134 13
120 142 10
120 153 12
120 164 10
120 167 10
120 192 12
120 195 10
120 199 16
120 342 11
120 394 19
120 529 10
120 543 8
120 546 9
120 571 9
121 134 8
121 139 12
121 141 14
121 179 9
121 184 8
122 132 11
122 171 11
122 182 6
122 502 8
122 518 15
122 557 5
122 584 10
122 594 6
122 597 17
122 599 9
122 600 7
122 704 7
122 775 11
122 784 13
123 133 8
123 161 10
123 177 15
123 204 9
123 229 9
123 231 9
123 234 10
123 236 8
123 246 11
123 250 11
123 257 10
123 258 9
123 268 10
123 279 11
123 289 10
123 294 9
124 134 9
124 142 12
124 153 8
124 164 12
124 167 15
124 192 9
124 199 15
124 342 16
124 372 10
124 382 9
124 392 7
124 394 14
124 400 9
124 525 7
124 529 12
125 144 16
125 160 12
125 162 17
125 172 13
125 174 16
125 179 11
125 541 18
126 128 12
126 129 10
126 131 11
126 135 15
126 136 6
126 137 8
126 140 9
126 145 11
126 151 8
126 155 11
126 157 14
126 169 12
126 176 8
126 187 10
126 198 13
126 546 6
126 596 10
127 132 11
127 149 10
127 152 15
127 171 9
127 180 10
127 186 11
127 206 13
127 211 13
127 283 11
127 518 9
127 565 12
127 597 8
127 775 9
128 135 13
128 136 6
128 137 12
128 140 11
128 145 16
128 151 9
128 155 18
128 157 8
128 158 14
128 163 13
128 166 15
128 169 11
128 176 15
129 131 17
129 135 12
129 140 9
129 159 11
129 169 12
129 180 11
129 185 14
129 187 13
129 191 12
129 196 16
129 198 16
129 557 9
129 596 16
130 146 15
130 148 15
130 150 13
130 154 14
130 165 7
130 170 8
130 172 10
131 135 11
131 157 10
131 159 12
131 169 11
131 180 9
131 185 15
131 187 15
131 189 9
131 191 14
131 196 17
131 198 17
131 557 10
131 596 18
132 152 14
132 171 17
132 206 12
132 211 10
132 274 12
132 283 15
132 502 9
132 518 11
132 565 12
132 597 12
132 725 12
132 775 17
132 784 10
133 204 17
133 205 11
133 208 15
133 218 10
133 229 15
133 236 11
133 237 14
133 242 7
133 246 12
133 256 14
133 258 16
133 269 12
133 286 10
133 289 14
133 300 11
134 141 8
134 142 11
134 153 10
134 184 7
134 192 8
134 199 11
134 342 8
134 394 13
135 137 11
135 140 13
135 145 15
135 155 13
135 157 10
135 166 11
135 169 15
135 176 11
135 181 9
135 187 9
135 198 13
135 596 10
136 151 16
136 153 8
136 157 10
136 160 7
136 162 8
136 174 9
136 179 9
136 184 11
136 192 6
136 195 9
136 546 11
137 140 16
137 145 13
137 149 8
137 155 12
137 156 9
137 163 14
137 166 14
137 168 12
137 169 12
137 176 15
137 180 9
137 181 16
137 183 9
138 143 10
138 147 17
138 156 12
138 163 7
138 168 14
138 183 14
138 188 11
138 194 15
138 197 10
138 202 10
138 217 10
138 243 7
138 248 9
138 263 14
139 141 7
139 144 12
139 162 11
139 179 10
139 541 11
140 145 14
140 149 7
140 156 7
140 163 11
140 166 11
140 169 15
140 176 12
140 180 12
140 181 15
140 183 7
140 198 9
141 142 7
142 167 10
142 199 13
142 342 14
142 372 8
142 382 9
142 394 10
142 400 10
143 165 7
143 170 11
143 173 12
143 175 12
143 190 12
143 202 12
143 248 11
143 263 13
143 285 16
144 160 11
144 162 14
144 172 13
144 174 13
144 541 15
145 155 16
145 157 7
145 158 11
145 163 14
145 166 14
145 169 14
145 176 15
145 181 11
145 198 9
146 148 17
146 150 13
146 154 12
146 170 10
146 173 9
146 193 10
147 149 11
147 156 14
147 168 13
147 183 16
147 186 10
147 188 13
147 194 17
147 197 12
147 202 10
147 217 11
147 248 9
147 263 12
148 150 15
148 154 13
148 170 12
148 173 10
148 193 12
149 152 9
149 156 16
149 168 11
149 180 9
149 181 10
149 183 14
149 186 17
149 188 14
149 194 13
149 197 8
149 211 11
149 565 9
150 154 16
150 170 13
150 173 11
150 193 13
151 155 8
151 157 10
151 158 10
151 160 8
151 179 8
151 184 9
151 195 7
151 546 9
152 171 12
152 180 6
152 186 10
152 188 8
152 206 17
152 211 15
152 252 8
152 283 14
152 518 9
152 565 15
152 597 9
152 725 9
152 775 12
153 184 8
153 189 6
153 192 16
153 195 16
153 199 9
153 394 12
153 543 9
153 546 15
153 571 11
154 165 11
154 170 11
154 172 11
154 193 11
154 285 5
155 158 14
155 163 14
155 166 16
155 176 16
155 243 11
156 168 13
156 180 7
156 181 11
156 183 17
156 186 15
156 188 14
156 194 16
156 197 10
156 211 9
156 234 9
157 187 11
157 191 11
157 192 8
157 195 10
157 198 12
157 546 11
157 596 9
158 160 8
158 163 10
158 165 10
158 166 13
158 176 12
158 243 11
159 182 10
159 185 16
159 187 14
159 189 15
159 191 15
159 196 14
159 198 10
159 543 11
159 557 13
159 571 11
159 596 13
159 599 6
160 162 12
160 165 6
160 172 15
160 174 14
160 541 11
161 177 8
161 188 6
161 204 8
161 208 9
161 211 7
161 234 8
161 242 14
161 246 13
161 252 12
161 258 10
161 283 6
161 287 8
161 289 11
161 565 8
162 172 11
162 174 16
162 179 13
162 184 11
162 541 18
163 166 16
163 168 12
163 169 10
163 176 17
163 181 12
163 243 14
163 263 7
164 167 13
164 189 5
164 192 7
164 199 9
164 342 9
164 392 14
164 394 10
164 510 9
164 516 8
164 522 9
164 525 14
164 529 19
164 543 8
164 569 8
164 571 8
164 591 7
165 166 9
165 170 10
165 172 7
165 243 12
165 285 10
166 168 9
166 176 18
166 181 11
166 243 14
167 199 12
167 342 15
167 372 13
167 382 12
167 392 9
167 394 10
167 400 11
167 510 5
167 522 5
167 525 8
167 529 13
167 560 8
168 176 10
168 181 13
168 183 15
168 188 9
168 194 13
168 243 10
168 263 12
169 176 11
169 180 13
169 181 11
169 196 9
169 198 13
169 596 10
170 173 16
170 193 18
170 285 12
171 206 11
171 211 8
171 219 10
171 252 11
171 274 14
171 283 16
171 287 11
171 502 10
171 518 10
171 565 11
171 597 12
171 725 14
171 775 19
171 784 10
172 174 13
172 541 12
173 175 10
173 193 17
174 179 13
174 184 12
174 541 16
175 190 17
175 202 14
175 231 14
175 248 15
175 257 13
175 262 9
175 268 13
175 285 9
176 181 12
176 243 13
177 197 11
177 217 12
177 229 5
177 231 13
177 234 12
177 236 4
177 246 7
177 248 11
177 250 15
177 257 13
177 268 14
177 279 15
177 294 13
178 204 4
178 209 13
178 212 10
178 214 12
178 218 12
178 221 11
178 224 12
178 229 7
178 236 11
178 244 10
178 255 15
178 267 13
178 270 14
178 272 16
178 276 9
178 280 14
178 288 15
178 297 15
179 184 16
179 541 12
179 546 6
180 181 11
180 186 9
180 196 8
180 198 9
180 206 6
180 596 8
181 183 11
181 186 8
181 194 9
182 185 9
182 189 8
182 196 9
182 517 6
182 518 8
182 557 16
182 584 8
182 597 7
182 598 9
182 599 15
182 600 11
183 186 13
183 188 13
183 194 17
183 197 10
183 234 8
183 263 9
184 195 6
184 541 10
184 546 8
185 187 16
185 189 13
185 191 15
185 196 17
185 198 13
185 543 9
185 557 12
185 571 9
185 596 16
186 188 15
186 194 12
186 197 9
186 206 10
186 211 13
186 234 9
186 565 10
187 189 11
187 191 18
187 195 9
187 196 14
187 198 14
187 543 10
187 546 8
187 571 11
187 596 16
188 194 14
188 197 11
188 206 9
188 211 12
188 217 8
188 234 11
188 565 9
189 191 12
189 192 8
189 195 7
189 196 11
189 525 5
189 529 5
189 543 15
189 557 10
189 571 14
189 596 10
190 202 16
190 217 14
190 231 15
190 248 16
190 250 12
190 257 13
190 262 9
190 263 10
190 268 14
190 279 12
190 285 10
190 294 13
191 192 9
191 195 10
191 196 13
191 198 13
191 543 11
191 546 9
191 571 12
191 596 15
192 195 16
192 199 10
192 394 12
192 543 11
192 546 14
192 571 13
194 197 12
194 202 9
194 217 10
194 234 9
194 263 10
195 199 7
195 394 10
195 543 10
195 546 17
195 571 12
196 198 15
196 557 12
196 596 17
197 202 12
197 217 15
197 231 14
197 234 15
197 248 13
197 250 13
197 268 13
197 279 13
197 294 16
198 596 16
199 342 14
199 372 9
199 382 8
199 394 16
199 529 9
199 571 8
200 502 6
200 584 5
200 589 7
200 594 12
200 704 13
200 713 8
200 715 8
200 730 12
200 734 11
200 754 10
200 758 6
200 764 8
200 766 9
200 784 7
200 792 11
201 223 11
201 226 10
201 232 14
201 238 14
201 245 12
201 264 17
201 265 15
201 266 13
201 716 9
201 729 8
201 740 5
201 741 16
201 752 8
201 778 10
201 795 17
201 796 15
202 217 16
202 231 15
202 248 18
202 250 12
202 257 13
202 263 10
202 268 14
202 279 12
202 294 14
203 223 10
203 226 8
203 228 15
203 232 15
203 238 12
203 245 11
203 256 6
203 264 11
203 265 13
203 290 7
203 292 16
203 300 8
203 716 5
203 741 11
203 796 10
204 205 9
204 208 16
204 218 10
204 229 15
204 236 11
204 237 12
204 242 8
204 246 13
204 256 12
204 258 17
204 269 10
204 286 8
204 289 15
204 300 9
205 208 8
205 212 13
205 215 14
205 218 11
205 228 7
205 235 14
205 237 16
205 249 14
205 256 15
205 260 15
205 261 12
205 269 18
205 276 12
205 277 10
205 286 18
205 292 8
205 300 17
206 211 16
206 242 8
206 252 10
206 283 14
206 565 17
206 725 11
206 775 11
207 210 11
207 213 11
207 220 8
207 227 13
207 239 12
207 240 11
207 244 10
207 247 10
207 251 10
207 281 12
207 282 10
207 291 13
207 298 15
207 299 12
208 219 7
208 229 12
208 236 8
208 237 11
208 242 10
208 246 15
208 252 8
208 256 11
208 258 18
208 269 9
208 287 7
208 289 17
208 300 8
209 214 18
209 216 15
209 224 16
209 239 15
209 247 16
209 255 15
209 262 8
209 267 19
209 270 18
209 272 16
209 280 18
209 281 15
209 288 15
209 291 13
209 297 16
210 213 12
210 215 11
210 220 11
210 221 11
210 230 12
210 233 11
210 235 10
210 240 14
210 244 13
210 249 11
210 251 18
210 261 10
210 276 9
210 277 8
210 281 7
210 291 9
210 299 17
211 234 8
211 252 9
211 283 11
211 565 16
211 775 8
212 215 15
212 218 14
212 221 11
212 229 9
212 235 14
212 236 7
212 237 13
212 244 10
212 249 15
212 255 8
212 256 12
212 260 14
212 261 10
212 269 12
212 276 16
212 286 14
212 288 8
212 300 11
213 220 16
213 227 16
213 230 15
213 233 13
213 240 17
213 251 12
213 259 11
213 273 13
213 293 16
213 298 13
214 216 16
214 224 15
214 239 16
214 247 17
214 255 14
214 262 8
214 267 18
214 270 17
214 272 15
214 280 17
214 281 15
214 282 15
214 288 14
214 291 13
214 297 15
215 218 10
215 221 12
215 235 18
215 237 12
215 244 11
215 249 19
215 251 11
215 255 6
215 256 11
215 260 17
215 261 14
215 269 13
215 276 16
215 277 11
215 286 15
215 299 10
215 300 12
216 224 14
216 239 15
216 247 17
216 267 15
216 270 14
216 271 16
216 281 14
216 282 17
216 295 17
217 231 16
217 234 11
217 248 17
217 250 14
217 257 13
217 263 9
217 268 15
217 279 14
217 294 17
218 221 11
218 229 12
218 235 9
218 236 12
218 237 12
218 249 10
218 255 9
218 258 8
218 269 11
218 272 9
218 276 13
218 286 11
218 288 9
218 297 8
219 242 11
219 246 7
219 252 13
219 253 8
219 254 9
219 274 14
219 283 10
219 287 17
219 289 7
219 502 10
219 725 14
219 758 6
219 765 7
219 775 10
220 227 14
220 230 16
220 233 15
220 240 16
220 241 11
220 251 11
220 259 13
220 273 15
220 275 13
220 284 13
220 290 9
220 293 17
220 299 9
221 235 11
221 244 17
221 249 12
221 251 11
221 255 13
221 260 10
221 270 10
221 272 11
221 276 14
221 281 11
221 286 8
221 288 13
221 291 11
221 297 12
221 299 13
222 225 9
222 226 14
222 232 6
222 253 11
222 254 10
222 278 15
222 292 6
222 701 10
222 716 14
222 741 8
222 746 18
222 755 7
222 758 10
222 763 14
222 765 11
222 778 13
222 786 10
222 796 10
222 797 13
223 228 13
223 232 12
223 233 8
223 238 16
223 241 14
223 245 18
223 259 12
223 264 11
223 265 15
223 266 16
223 273 10
223 275 11
223 277 7
223 290 11
223 741 10
223 795 13
224 239 12
224 247 13
224 257 4
224 262 10
224 267 16
224 270 15
224 272 14
224 280 16
224 297 13
225 278 13
225 701 13
225 703 8
225 715 8
225 724 11
225 730 7
225 734 12
225 735 16
225 746 10
225 754 9
225 758 11
225 763 13
225 765 10
225 766 16
225 786 12
225 792 10
225 797 14
226 232 11
226 253 9
226 254 8
226 264 12
226 265 10
226 278 11
226 292 10
226 716 14
226 741 13
226 746 13
226 763 9
226 765 8
226 778 12
226 796 13
226 797 8
227 230 12
227 240 16
227 273 11
227 284 9
227 293 14
227 298 15
228 232 13
228 238 13
228 245 14
228 260 7
228 261 8
228 264 10
228 265 13
228 269 7
228 275 8
228 277 10
228 286 7
228 290 10
228 292 13
228 300 8
228 741 10
228 795 12
228 796 9
229 236 15
229 237 11
229 246 12
229 256 11
229 258 13
229 289 13
230 233 16
230 240 15
230 251 13
230 259 11
230 261 11
230 273 13
230 275 12
230 277 11
230 290 12
230 293 14
230 299 10
231 234 11
231 248 16
231 250 16
231 257 16
231 262 10
231 268 18
231 279 16
231 294 17
232 238 15
232 245 13
232 264 15
232 265 16
232 292 13
232 716 8
232 741 15
232 778 7
232 795 15
232 796 14
233 240 13
233 241 12
233 245 7
233 251 11
233 259 14
233 261 10
233 273 15
233 275 14
233 277 12
233 290 13
233 293 15
233 299 9
234 250 13
234 268 12
234 279 13
234 294 13
235 237 12
235 244 10
235 249 18
235 251 11
235 256 11
235 260 18
235 261 15
235 269 13
235 276 15
235 277 12
235 286 15
235 290 7
235 299 9
235 300 12
236 246 10
236 255 9
236 258 9
236 270 8
236 272 10
236 280 8
236 288 9
236 289 10
236 297 9
237 249 12
237 256 18
237 258 11
237 260 12
237 261 10
237 269 17
237 276 11
237 286 15
237 289 9
237 292 6
237 300 16
238 241 11
238 245 17
238 259 9
238 264 14
238 265 18
238 266 15
238 275 8
238 290 8
238 741 13
238 795 16
238 796 12
239 247 17
239 255 13
239 267 15
239 270 15
239 272 13
239 280 14
239 281 17
239 282 16
239 288 13
239 291 16
239 297 14
240 251 14
240 259 10
240 273 12
240 275 10
240 291 7
240 293 14
240 299 12
241 245 13
241 259 17
241 266 12
241 273 15
241 275 15
241 284 17
241 293 12
242 246 12
242 252 16
242 258 10
242 274 8
242 283 11
242 287 12
242 289 11
242 565 9
242 725 10
243 263 10
243 285 10
244 249 11
244 251 13
244 255 12
244 260 9
244 270 9
244 272 10
244 276 13
244 281 12
244 288 12
244 291 12
244 297 11
244 299 15
245 259 11
245 264 12
245 265 16
245 266 15
245 275 10
245 277 7
245 290 10
245 292 8
245 741 11
245 795 14
245 796 10
246 252 10
246 258 15
246 287 7
246 289 17
247 267 16
247 270 15
247 280 15
247 281 15
247 282 17
247 291 14
247 295 16
248 250 13
248 257 14
248 263 9
248 268 15
248 279 13
248 294 15
249 251 11
249 256 11
249 260 17
249 261 14
249 269 13
249 276 16
249 277 11
249 286 15
249 299 10
249 300 12
250 257 15
250 262 9
250 268 17
250 279 19
250 294 16
251 260 10
251 261 11
251 277 9
251 281 6
251 291 8
251 299 16
252 258 7
252 274 10
252 283 13
252 287 14
252 289 8
252 565 11
252 725 12
252 775 11
253 254 18
253 274 9
253 278 12
253 287 7
253 502 10
253 725 8
253 734 8
253 746 11
253 754 12
253 758 15
253 765 17
254 274 10
254 278 12
254 287 8
254 502 11
254 725 9
254 734 8
254 746 10
254 754 12
254 758 15
254 765 17
255 267 15
255 270 16
255 272 17
255 276 9
255 280 15
255 281 14
255 288 19
255 291 14
255 297 18
255 299 9
256 258 11
256 260 11
256 269 16
256 286 14
256 289 9
256 292 7
256 300 16
257 262 12
257 268 16
257 279 15
257 294 14
258 269 9
258 289 17
258 300 8
259 265 8
259 266 10
259 273 17
259 275 17
259 277 9
259 284 17
259 290 13
259 293 14
260 261 15
260 269 14
260 276 14
260 277 13
260 286 16
260 290 8
260 300 13
261 269 12
261 275 8
261 276 12
261 277 16
261 286 12
261 290 11
261 299 9
261 300 12
262 267 8
262 268 10
262 279 9
262 280 8
263 285 14
264 265 15
264 266 12
264 292 11
264 716 10
264 729 7
264 741 18
264 752 6
264 778 10
264 795 17
264 796 16
265 266 14
265 275 7
265 290 8
265 292 10
265 741 14
265 795 17
265 796 13
266 273 8
266 284 10
266 795 14
267 270 18
267 272 16
267 280 18
267 281 15
267 288 15
267 291 13
267 297 16
268 279 17
268 294 16
269 276 11
269 277 10
269 286 17
269 292 8
269 300 18
270 272 17
270 280 17
270 281 15
270 288 16
270 291 14
270 297 17
271 282 17
271 295 18
271 296 19
271 298 8
272 280 17
272 281 13
272 288 17
272 291 13
272 297 18
273 275 15
273 284 17
273 290 11
273 293 16
274 283 12
274 287 14
274 502 13
274 725 17
274 754 9
274 758 7
274 765 8
274 775 14
274 784 9
275 277 11
275 284 15
275 290 15
275 293 13
276 286 13
276 288 9
276 297 8
276 299 11
276 300 10
277 286 10
277 290 14
277 300 10
278 701 11
278 716 11
278 734 10
278 735 10
278 746 15
278 754 9
278 758 14
278 763 15
278 765 14
278 766 10
278 778 10
278 786 11
278 797 15
279 294 16
280 281 14
280 288 15
280 291 13
280 297 16
281 288 14
281 291 17
281 297 14
281 299 9
282 295 17
282 298 8
283 287 11
283 518 8
283 565 14
283 597 9
283 725 14
283 775 16
284 293 14
286 292 8
286 300 16
287 289 7
287 502 9
287 565 8
287 725 15
287 765 6
287 775 11
288 291 14
288 297 18
288 299 9
291 297 14
291 299 11
292 300 9
292 741 11
292 746 5
292 796 11
293 298 10
295 296 18
297 299 8
301 313 11
301 314 13
301 318 15
301 319 12
301 331 8
301 337 12
301 343 17
301 347 12
301 360 10
301 371 4
301 379 8
301 393 17
301 396 9
301 398 11
301 410 10
301 421 9
301 461 17
301 481 11
302 333 10
302 345 9
302 370 12
302 388 14
302 435 5
302 447 13
302 452 9
302 470 9
302 519 9
302 535 13
302 538 10
302 550 10
302 552 9
302 570 17
302 626 10
302 671 4
303 310 18
303 317 11
303 319 9
303 327 12
303 335 12
303 336 9
303 349 4
303 351 6
303 354 12
303 358 11
303 360 10
303 374 5
303 379 12
303 384 15
303 390 12
303 409 10
303 417 11
303 454 12
303 466 13
303 483 11
304 309 10
304 324 16
304 340 9
304 350 10
304 359 17
304 362 8
304 367 11
304 372 8
304 377 10
304 382 8
304 389 16
304 395 6
304 397 8
304 400 8
304 560 11
304 586 9
305 306 12
305 309 9
305 311 15
305 315 11
305 322 13
305 329 13
305 339 17
305 341 10
305 346 14
305 355 19
305 357 14
305 361 15
305 364 13
305 366 11
305 369 15
306 308 12
306 311 11
306 320 13
306 321 10
306 322 13
306 329 12
306 339 12
306 340 9
306 346 13
306 348 13
306 349 8
306 355 12
306 357 14
306 364 17
306 369 15
306 373 12
306 376 12
306 381 16
307 317 10
307 328 15
307 333 8
307 335 10
307 336 7
307 345 11
307 358 12
307 378 8
307 387 7
307 399 8
307 422 8
307 435 9
307 454 9
307 464 7
307 466 10
307 470 11
307 498 9
308 309 14
308 320 17
308 322 16
308 329 16
308 332 11
308 339 10
308 340 16
308 346 15
308 348 11
308 353 13
308 357 15
308 362 13
308 364 13
308 365 11
308 367 14
308 369 10
308 377 13
308 381 12
308 397 14
309 320 12
309 322 14
309 329 15
309 339 11
309 340 16
309 346 14
309 350 9
309 353 11
309 357 13
309 359 8
309 361 8
309 362 13
309 364 10
309 367 17
309 377 14
309 397 14
310 317 12
310 327 11
310 328 11
310 335 13
310 336 10
310 349 4
310 351 6
310 354 13
310 358 12
310 360 9
310 374 5
310 379 11
310 384 14
310 390 11
310 409 11
310 417 12
310 454 13
310 466 14
310 483 12
311 315 13
311 322 11
311 326 11
311 339 13
311 344 11
311 346 12
311 355 15
311 356 10
311 357 12
311 361 12
311 364 11
311 366 14
311 369 15
311 380 11
311 381 9
312 334 16
312 368 4
312 391 3
313 318 14
313 343 11
313 393 11
313 398 18
313 423 15
313 424 9
313 461 12
313 477 8
313 481 18
313 489 8
314 319 16
314 331 10
314 337 16
314 343 11
314 347 14
314 360 15
314 371 5
314 379 12
314 390 11
314 396 10
314 410 11
314 461 11
315 326 16
315 330 12
315 338 13
315 339 10
315 341 12
315 344 10
315 355 11
315 356 13
315 361 12
315 366 18
315 368 12
315 369 9
315 380 16
315 391 15
316 323 13
316 332 15
316 336 9
316 340 10
316 349 11
316 351 13
316 353 14
316 362 14
316 365 13
316 367 9
316 374 14
316 377 12
316 383 16
316 397 13
316 399 8
316 409 11
316 452 7
317 327 13
317 328 12
317 335 11
317 354 17
317 358 16
317 384 14
317 390 12
317 406 12
317 408 15
317 417 16
317 429 15
317 434 13
317 454 18
317 464 6
317 466 17
317 483 16
317 498 16
318 343 16
318 393 15
318 398 14
318 423 14
318 424 4
318 461 17
318 481 14
318 496 16
319 327 13
319 331 7
319 337 19
319 343 11
319 347 17
319 360 17
319 379 15
319 384 11
319 390 14
319 396 7
319 410 14
319 434 12
319 461 11
320 322 15
320 329 15
320 332 11
320 340 14
320 346 14
320 348 12
320 353 13
320 355 10
320 357 14
320 362 12
320 364 14
320 365 11
320 367 12
320 369 10
320 373 11
320 381 14
320 397 13
321 330 11
321 331 10
321 338 9
321 344 15
321 348 10
321 352 15
321 356 10
321 369 11
321 371 15
321 373 10
321 376 13
321 381 11
321 396 10
322 329 18
322 339 13
322 340 14
322 346 18
322 353 10
322 355 13
322 357 17
322 362 11
322 364 15
322 367 13
322 369 12
322 377 11
322 381 11
322 397 12
323 332 10
323 333 11
323 335 7
323 336 11
323 351 15
323 374 11
323 383 15
323 388 6
323 399 12
323 409 12
323 452 13
323 538 6
323 570 6
324 350 10
324 359 18
324 372 10
324 382 10
324 389 17
324 395 7
324 400 10
324 534 5
324 560 13
324 586 10
326 330 14
326 338 15
326 344 11
326 352 8
326 356 15
326 366 16
326 368 12
326 380 19
326 391 15
327 337 13
327 347 13
327 354 15
327 360 14
327 379 17
327 384 16
327 390 18
327 408 13
327 410 15
327 417 16
327 429 11
327 434 18
327 454 13
327 466 13
327 483 16
327 498 12
328 333 8
328 335 14
328 336 10
328 345 8
328 354 11
328 358 15
328 378 4
328 399 10
328 409 8
328 417 10
328 429 9
328 454 13
328 466 14
328 470 8
328 483 10
328 498 10
329 339 13
329 340 14
329 346 18
329 353 10
329 355 13
329 357 17
329 361 9
329 362 11
329 364 14
329 367 13
329 369 12
329 377 11
329 381 10
329 397 12
330 338 17
330 344 15
330 352 13
330 356 18
330 366 12
330 371 11
330 380 14
330 391 10
331 337 7
331 344 8
331 348 8
331 352 10
331 360 8
331 371 12
331 373 9
331 376 11
331 381 7
331 396 18
331 421 9
332 340 10
332 348 10
332 349 14
332 351 12
332 353 16
332 362 14
332 365 17
332 367 9
332 373 10
332 374 16
332 377 12
332 381 8
332 383 13
332 397 13
332 409 8
333 335 10
333 336 10
333 345 14
333 351 7
333 383 7
333 388 10
333 399 14
333 435 7
333 447 7
333 452 16
333 470 13
333 538 7
333 570 10
335 336 15
335 351 9
335 354 10
335 358 13
335 383 8
335 384 10
335 399 12
335 409 13
335 452 9
335 454 12
335 466 13
336 351 13
336 358 9
336 374 9
336 383 12
336 399 15
336 409 17
336 452 11
336 466 9
337 343 11
337 347 17
337 360 17
337 379 15
337 390 14
337 396 7
337 410 14
337 434 12
337 461 11
338 344 13
338 352 11
338 356 18
338 366 13
338 371 9
338 380 15
338 391 11
339 340 9
339 341 10
339 346 14
339 350 7
339 355 17
339 357 14
339 361 15
339 364 13
339 366 10
339 369 14
340 346 13
340 353 13
340 357 12
340 359 7
340 362 15
340 364 10
340 365 10
340 367 17
340 377 16
340 397 16
341 350 7
341 355 10
341 361 14
341 363 10
341 366 11
341 368 14
341 375 9
341 391 12
342 372 12
342 382 12
342 392 6
342 394 11
342 400 12
342 525 5
342 529 9
342 560 6
343 347 11
343 393 18
343 398 11
343 421 9
343 423 13
343 461 18
343 481 11
343 496 17
344 352 15
344 356 14
344 366 11
344 369 10
344 371 13
344 376 9
344 380 11
344 396 8
345 370 9
345 378 8
345 387 7
345 388 8
345 399 11
345 422 10
345 435 12
345 447 11
345 452 11
345 470 18
345 500 7
345 570 9
346 355 14
346 357 18
346 361 10
346 362 10
346 364 14
346 367 12
346 369 13
346 377 10
346 381 10
346 397 11
347 360 15
347 379 15
347 390 14
347 398 10
347 410 16
347 417 10
347 434 12
347 461 12
347 481 10
347 483 10
348 349 12
348 351 6
348 353 10
348 357 8
348 364 12
348 365 12
348 369 10
348 373 18
348 374 9
348 376 16
348 381 16
348 396 8
349 351 13
349 353 13
349 362 10
349 364 8
349 365 16
349 373 13
349 374 16
349 376 10
349 381 10
349 383 11
349 397 10
349 409 9
350 359 11
350 361 7
350 367 8
350 372 6
350 375 6
350 382 7
350 400 8
351 353 10
351 362 8
351 365 11
351 373 7
351 374 15
351 383 16
351 399 11
351 409 14
351 452 9
352 356 12
352 371 17
352 376 10
352 380 8
352 396 10
352 421 10
353 362 16
353 364 9
353 365 16
353 367 12
353 373 10
353 374 13
353 377 14
353 383 11
353 397 16
354 358 14
354 379 13
354 384 16
354 390 14
354 406 11
354 408 16
354 410 11
354 417 18
354 429 14
354 434 15
354 454 17
354 466 16
354 483 18
354 498 15
355 357 14
355 361 15
355 364 13
355 366 11
355 369 15
355 381 10
356 366 13
356 371 10
356 380 15
356 391 11
357 361 10
357 364 15
357 367 11
357 369 14
357 377 9
357 381 11
357 397 10
358 378 3
358 384 12
358 406 10
358 408 12
358 409 8
358 417 13
358 429 12
358 454 16
358 464 7
358 466 16
358 483 13
358 498 13
359 367 9
359 372 10
359 377 8
359 382 10
359 389 16
359 395 6
359 400 10
359 560 13
359 586 9
360 379 16
360 384 12
360 390 15
360 396 8
360 410 14
360 434 13
361 363 5
361 366 12
361 368 11
361 369 11
361 375 5
362 365 13
362 367 14
362 374 11
362 377 17
362 383 11
362 397 18
363 368 10
363 375 16
363 391 7
364 369 14
364 373 11
364 376 10
364 381 15
365 373 12
365 374 15
365 376 10
365 377 11
365 381 10
365 383 12
365 397 13
365 409 7
366 368 11
366 369 10
366 380 16
366 391 14
367 377 16
367 389 8
367 397 15
368 375 8
368 380 12
368 391 16
369 376 10
369 381 13
370 422 6
370 435 10
370 447 17
370 470 9
370 472 5
370 500 10
370 527 7
370 535 12
370 570 10
370 587 7
370 626 10
370 671 10
371 376 10
371 396 12
371 421 12
372 382 18
372 389 8
372 400 17
372 560 13
373 374 10
373 376 16
373 381 15
373 396 8
374 383 14
374 397 10
374 409 11
376 381 14
376 396 11
377 383 9
377 389 7
377 397 17
378 387 18
378 411 12
378 419 11
378 422 16
378 431 11
378 432 13
378 435 11
378 443 11
378 444 11
378 464 12
378 470 9
378 500 7
379 384 15
379 390 18
379 408 11
379 410 17
379 417 14
379 434 16
379 483 14
380 391 15
382 389 8
382 400 18
382 560 13
383 397 10
383 399 11
383 409 13
383 452 9
384 390 16
384 408 13
384 409 6
384 410 13
384 417 15
384 434 15
384 454 15
384 466 15
384 483 15
384 498 12
385 386 14
385 501 15
385 509 15
385 512 17
385 514 13
385 519 11
385 523 12
385 530 12
385 537 10
385 547 16
385 550 10
385 556 9
385 559 13
385 564 10
385 575 10
385 581 16
385 583 11
385 588 9
385 593 15
385 595 14
386 395 10
386 501 15
386 509 18
386 512 12
386 514 16
386 520 11
386 523 9
386 524 10
386 534 11
386 537 15
386 547 14
386 548 9
386 559 18
386 564 10
386 575 15
386 581 11
386 583 10
386 593 14
386 595 16
387 411 13
387 419 11
387 422 16
387 431 11
387 432 14
387 435 11
387 439 8
387 443 11
387 444 11
387 464 11
387 470 8
387 500 8
387 527 5
388 399 6
388 447 9
388 452 10
388 470 7
388 519 9
388 520 10
388 535 10
388 538 15
388 550 10
388 552 12
388 570 16
388 586 6
389 395 9
389 400 8
389 520 5
389 534 6
389 560 12
389 586 12
390 408 12
390 410 16
390 417 15
390 434 17
390 454 12
390 466 12
390 483 15
390 498 11
392 510 14
392 516 13
392 522 14
392 525 16
392 529 14
392 532 11
392 543 4
392 558 11
392 569 13
392 591 11
393 421 10
393 423 13
393 461 17
393 496 18
394 529 10
394 543 8
394 546 9
394 571 9
395 501 11
395 509 9
395 514 11
395 520 14
395 534 14
395 537 14
395 538 10
395 552 11
395 559 11
395 560 8
395 575 13
395 586 14
396 421 9
398 410 8
398 423 14
398 424 9
398 460 5
398 461 12
398 477 8
398 481 19
398 489 8
399 409 13
399 452 15
399 470 10
399 570 6
400 560 12
401 416 9
401 428 9
401 438 8
401 441 11
401 446 14
401 448 10
401 451 15
401 456 11
401 459 13
401 463 13
401 465 8
401 467 13
401 471 13
401 485 19
401 486 13
401 490 14
401 495 8
401 497 13
401 615 10
402 457 15
402 472 10
402 478 17
402 491 14
402 492 10
402 601 15
402 604 17
402 606 13
402 613 15
402 620 14
402 624 7
402 629 11
402 630 7
402 634 7
402 643 12
402 666 11
402 681 16
402 682 14
402 683 16
402 692 15
403 427 10
403 437 8
403 455 12
403 469 17
403 479 11
403 493 12
404 412 14
404 418 13
404 420 15
404 425 17
404 426 17
404 428 14
404 438 14
404 440 13
404 442 17
404 445 14
404 448 13
404 473 14
404 476 17
404 499 10
404 615 12
404 668 16
404 670 16
404 688 17
405 406 6
405 416 16
405 419 12
405 429 5
405 430 8
405 431 13
405 439 9
405 443 12
405 444 12
405 446 8
405 459 9
405 462 12
405 463 10
405 464 9
405 465 11
405 467 12
405 468 17
405 471 9
405 480 12
405 495 11
406 408 14
406 417 11
406 429 16
406 430 9
406 431 8
406 434 10
406 454 11
406 464 9
406 468 5
406 477 7
406 483 11
406 489 8
406 498 14
407 415 14
407 424 16
407 427 17
407 436 14
407 455 14
407 458 12
407 460 15
407 479 15
407 493 11
408 410 10
408 417 16
408 429 17
408 430 5
408 431 5
408 434 14
408 454 14
408 464 6
408 466 13
408 483 16
408 498 18
409 452 9
409 454 7
409 466 8
410 417 12
410 434 15
410 481 8
410 483 12
411 419 14
411 422 11
411 431 11
411 432 18
411 433 11
411 435 7
411 439 12
411 443 14
411 444 14
411 449 11
411 462 11
411 464 10
411 480 12
411 482 9
411 484 9
411 492 6
411 527 6
412 413 19
412 418 18
412 420 17
412 426 16
412 437 14
412 440 18
412 450 19
412 453 17
412 476 13
412 494 18
412 668 17
412 670 17
412 688 15
413 418 18
413 420 17
413 437 14
413 440 18
413 450 19
413 453 17
413 494 18
413 670 17
414 474 6
414 476 6
414 491 9
414 499 7
414 601 9
414 611 10
414 641 14
414 643 13
414 649 9
414 657 8
414 682 11
414 688 5
415 424 14
415 430 11
415 436 17
415 441 13
415 455 15
415 456 14
415 458 15
415 460 18
415 471 11
415 477 11
415 479 16
415 487 18
415 489 10
415 490 11
416 419 12
416 431 10
416 439 9
416 443 12
416 444 12
416 446 11
416 459 11
416 462 12
416 463 13
416 464 7
416 465 13
416 467 15
416 468 16
416 471 11
416 480 12
416 485 9
416 490 10
416 495 13
417 429 14
417 434 16
417 454 16
417 466 15
417 483 19
417 498 15
418 420 16
418 426 15
418 428 11
418 437 15
418 440 19
418 442 14
418 448 10
418 450 18
418 453 18
418 486 9
418 494 19
418 615 9
418 668 16
418 670 16
418 688 14
419 431 14
419 432 13
419 433 11
419 439 15
419 443 19
419 444 19
419 449 11
419 462 15
419 464 11
419 465 12
419 468 11
419 480 17
419 482 11
419 495 12
420 425 13
420 426 17
420 440 16
420 442 15
420 450 17
420 453 15
420 476 14
420 494 16
420 668 18
420 670 18
420 688 16
421 461 8
421 496 9
422 432 12
422 435 14
422 447 7
422 464 10
422 470 11
422 500 10
422 527 6
423 424 9
423 461 13
423 481 14
423 496 14
424 430 8
424 436 13
424 455 12
424 458 11
424 460 15
424 477 12
424 479 13
424 481 9
424 487 13
424 489 11
425 426 15
425 428 13
425 438 15
425 440 11
425 442 16
425 445 16
425 448 12
425 473 16
425 474 5
425 475 8
425 476 17
425 499 12
425 615 12
425 668 14
425 670 14
425 688 15
426 428 12
426 438 12
426 440 15
426 442 16
426 445 12
426 450 16
426 473 12
426 476 16
426 494 15
426 499 9
426 668 18
426 670 18
426 688 18
427 455 14
427 479 15
428 438 17
428 440 11
428 442 15
428 445 12
428 448 18
428 451 12
428 473 11
428 485 9
428 486 10
428 488 9
428 615 17
428 668 12
428 670 12
429 430 7
429 431 7
429 434 12
429 454 14
429 464 8
429 466 13
429 483 14
429 498 17
430 431 7
430 459 8
430 460 10
430 468 9
430 471 9
430 477 15
430 487 11
430 489 15
430 498 5
431 432 10
431 443 14
431 444 14
431 462 10
431 464 15
431 468 11
431 480 12
431 498 5
432 433 11
432 435 8
432 439 11
432 443 13
432 444 13
432 449 11
432 464 9
432 480 11
432 484 9
432 492 7
432 500 7
432 527 7
433 439 15
433 443 11
433 444 11
433 449 19
433 462 13
433 465 11
433 473 7
433 474 13
433 475 14
433 480 13
433 482 17
433 484 16
433 488 12
433 492 6
433 495 11
433 499 9
434 454 13
434 466 12
434 483 16
434 498 13
435 447 10
435 470 13
435 500 13
435 527 9
436 441 15
436 446 10
436 455 16
436 456 14
436 458 17
436 459 10
436 460 16
436 463 9
436 471 10
436 477 9
436 479 17
436 487 17
436 489 8
436 490 11
436 493 15
436 497 12
437 440 15
437 450 14
437 453 16
437 486 11
437 493 3
437 494 15
438 440 10
438 442 14
438 445 14
438 448 16
438 451 12
438 473 13
438 475 8
438 485 8
438 486 9
438 488 10
438 499 9
438 615 16
438 668 11
438 670 11
439 443 15
439 444 15
439 449 15
439 462 16
439 465 14
439 474 9
439 475 12
439 480 16
439 482 15
439 484 13
439 488 10
439 495 14
440 442 14
440 448 10
440 450 18
440 453 18
440 486 9
440 494 19
440 615 9
440 668 16
440 670 16
440 688 14
441 446 14
441 455 14
441 456 18
441 458 17
441 459 13
441 460 12
441 463 12
441 471 13
441 479 13
441 485 11
441 486 9
441 487 14
441 490 15
441 493 16
441 497 16
442 445 13
442 448 14
442 450 14
442 451 8
442 473 13
442 476 15
442 486 8
442 615 13
442 668 16
442 670 16
442 688 16
443 444 19
443 449 11
443 462 15
443 464 11
443 465 12
443 467 8
443 468 11
443 480 17
443 482 11
443 495 12
444 449 11
444 462 15
444 464 11
444 465 12
444 467 8
444 468 11
444 480 17
444 482 11
444 495 12
445 448 11
445 449 7
445 451 9
445 473 18
445 474 8
445 475 11
445 476 14
445 482 8
445 488 12
445 499 14
445 615 12
445 668 11
445 688 12
446 451 10
446 456 15
446 458 12
446 459 18
446 463 17
446 465 8
446 467 14
446 468 10
446 471 17
446 485 14
446 486 9
446 487 11
446 490 18
446 495 8
446 497 15
447 470 11
447 500 10
447 535 11
447 570 11
447 587 5
447 626 9
447 671 8
448 451 13
448 473 10
448 485 10
448 486 11
448 488 9
448 497 6
448 615 17
448 668 11
448 670 11
449 462 13
449 465 11
449 473 7
449 474 13
449 475 14
449 480 13
449 482 17
449 484 16
449 488 12
449 492 6
449 495 11
449 499 9
450 453 17
450 494 18
450 668 17
450 670 17
450 688 15
451 459 9
451 463 9
451 465 8
451 467 10
451 473 8
451 475 8
451 485 15
451 486 12
451 488 11
451 490 10
451 495 8
451 497 10
451 615 14
452 470 10
452 538 8
452 552 5
452 570 10
453 486 10
453 494 18
453 668 15
454 466 18
454 483 16
454 498 15
455 456 13
455 458 16
455 460 15
455 479 18
455 487 14
455 493 16
455 497 11
456 458 16
456 459 14
456 460 13
456 463 13
456 467 10
456 468 6
456 471 14
456 479 12
456 485 11
456 486 9
456 487 15
456 490 16
456 497 16
457 472 14
457 478 14
457 491 13
457 492 12
457 500 8
457 527 11
457 587 8
457 601 12
457 604 15
457 606 17
457 613 11
457 620 17
457 681 12
457 682 11
457 683 12
457 692 16
458 459 11
458 460 14
458 479 15
458 487 15
458 490 13
458 493 17
458 497 14
459 463 17
459 467 14
459 468 11
459 471 18
459 485 13
459 487 12
459 490 17
459 497 14
460 477 12
460 479 16
460 487 17
460 489 11
461 481 12
461 496 17
462 463 7
462 465 15
462 467 10
462 468 11
462 475 11
462 480 17
462 482 14
462 484 11
462 488 9
462 495 15
463 465 10
463 467 16
463 468 12
463 471 17
463 485 13
463 487 10
463 490 16
463 495 10
463 497 13
464 468 8
464 480 9
464 498 7
465 467 13
465 475 11
465 480 14
465 482 12
465 485 8
465 488 10
465 495 19
466 483 15
466 498 14
467 468 14
467 471 14
467 480 9
467 485 13
467 488 5
467 490 13
467 495 13
467 497 10
468 471 11
468 480 11
468 490 9
470 500 8
470 570 8
471 485 13
471 487 12
471 490 17
471 497 13
472 492 10
472 500 10
472 527 13
472 587 13
472 606 14
472 620 12
472 647 7
472 663 7
472 671 10
472 684 7
472 692 11
473 474 8
473 475 11
473 476 14
473 482 8
473 488 12
473 499 15
473 615 11
473 668 11
473 688 12
474 475 13
474 482 12
474 484 15
474 488 12
474 491 6
474 492 7
474 499 12
474 601 6
474 682 6
474 692 5
475 480 10
475 482 16
475 484 13
475 488 16
475 495 11
475 499 12
475 615 9
476 499 12
476 668 15
476 670 15
476 688 17
477 481 8
477 487 11
477 489 18
478 491 15
478 492 9
478 601 16
478 604 18
478 606 12
478 613 16
478 620 13
478 629 12
478 641 13
478 643 14
478 666 11
478 681 17
478 682 16
478 683 17
478 692 14
478 694 10
479 487 15
479 493 15
480 482 13
480 495 14
481 489 8
482 484 14
482 488 14
482 495 12
482 499 10
483 498 15
484 488 11
484 491 4
484 492 9
484 499 9
484 601 4
484 692 4
485 486 13
485 488 8
485 490 14
485 495 8
485 497 13
485 615 10
486 490 9
486 497 11
486 615 10
487 489 10
487 490 12
487 497 12
488 495 10
488 499 11
488 615 11
490 497 15
491 492 12
491 527 9
491 601 18
491 604 16
491 606 12
491 613 12
491 620 14
491 641 13
491 643 14
491 681 13
491 682 16
491 683 13
491 692 16
492 500 9
492 527 13
492 601 11
492 604 10
492 606 13
492 620 14
492 692 14
493 497 13
494 668 16
494 670 16
499 688 10
500 527 15
500 587 8
500 606 10
500 620 9
500 671 8
500 692 7
501 509 14
501 512 13
501 514 16
501 519 11
501 520 14
501 537 14
501 538 11
501 547 17
501 550 12
501 552 14
501 559 14
501 575 13
501 581 12
501 593 12
501 595 12
502 594 7
502 597 7
502 704 8
502 725 11
502 734 7
502 754 12
502 758 9
502 765 9
502 775 10
502 784 14
503 533 7
503 563 10
503 573 11
503 577 12
503 585 12
503 608 7
503 625 10
503 632 16
503 642 13
503 650 9
503 663 6
503 665 12
503 687 6
503 697 13
503 700 12
503 800 12
504 555 7
504 562 10
504 566 8
504 568 13
504 574 7
504 578 14
504 678 7
504 708 10
504 709 9
504 723 9
504 737 13
504 743 10
504 750 11
504 751 14
505 506 10
505 515 16
505 523 10
505 530 10
505 531 13
505 540 7
505 542 12
505 544 7
505 545 14
505 549 10
505 554 16
505 564 10
505 567 10
505 576 16
505 579 13
505 580 12
505 583 11
505 588 13
505 590 10
505 593 7
506 515 13
506 521 11
506 531 10
506 542 15
506 545 13
506 549 19
506 554 12
506 555 14
506 561 10
506 562 13
506 566 14
506 576 12
506 580 12
506 588 8
506 590 17
506 592 14
506 636 12
506 654 11
506 750 11
507 508 15
507 517 8
507 531 11
507 539 8
507 540 9
507 553 17
507 567 14
507 574 9
507 579 9
507 580 9
507 584 8
507 589 11
507 705 11
507 713 10
507 761 13
507 776 14
507 789 11
508 517 9
508 539 7
508 553 15
508 567 10
508 574 8
508 584 11
508 589 12
508 594 7
508 598 6
508 599 7
508 600 11
508 705 11
508 713 13
508 761 13
508 776 14
508 789 10
509 512 13
509 514 15
509 523 10
509 524 10
509 530 10
509 534 10
509 537 14
509 547 14
509 548 9
509 559 17
509 564 11
509 575 14
509 581 12
509 583 11
509 593 15
509 595 17
510 511 10
510 516 14
510 522 18
510 524 13
510 525 12
510 529 9
510 532 11
510 534 9
510 548 12
510 551 10
510 558 16
510 569 13
510 575 7
510 591 11
511 516 15
511 517 11
511 522 11
511 524 11
511 532 17
511 539 15
511 540 14
511 544 15
511 548 12
511 551 17
511 558 11
511 569 14
511 579 8
511 591 14
511 598 10
511 776 8
512 514 11
512 519 11
512 523 14
512 530 14
512 545 6
512 547 14
512 550 9
512 556 11
512 559 11
512 564 11
512 576 7
512 581 16
512 583 13
512 588 11
512 593 15
512 595 12
513 528 14
513 572 15
513 574 10
513 578 10
513 589 7
513 705 9
513 708 13
513 709 9
513 715 6
513 730 9
513 731 7
513 749 13
513 751 10
513 764 12
513 780 11
513 782 9
513 787 9
513 792 6
514 519 9
514 520 14
514 524 9
514 534 11
514 537 16
514 547 15
514 548 8
514 550 11
514 552 13
514 559 16
514 575 15
514 581 11
514 593 11
514 595 13
515 523 11
515 530 11
515 531 10
515 542 15
515 545 17
515 549 13
515 554 18
515 561 11
515 576 18
515 579 10
515 580 10
515 583 10
515 588 14
515 590 11
515 592 9
515 636 7
516 517 9
516 522 15
516 524 10
516 525 12
516 529 8
516 532 16
516 539 11
516 540 10
516 544 11
516 548 11
516 551 15
516 558 13
516 569 18
516 591 16
516 598 10
517 532 11
517 539 15
517 540 13
517 544 12
517 551 10
517 553 7
517 567 8
517 569 10
517 579 8
517 591 12
517 598 15
517 599 7
517 600 12
517 776 13
518 557 8
518 584 7
518 597 16
518 599 9
518 600 7
518 775 10
518 784 9
519 535 13
519 538 9
519 547 12
519 550 17
519 552 12
519 556 10
519 570 10
519 581 14
519 626 13
519 687 8
520 534 11
520 537 14
520 538 14
520 547 13
520 550 12
520 552 16
520 559 11
520 570 7
520 575 13
520 586 11
521 533 15
521 542 9
521 549 11
521 555 15
521 561 9
521 562 12
521 566 14
521 568 11
521 573 10
521 577 11
521 585 10
521 590 11
521 592 15
521 625 7
521 636 17
521 654 18
521 659 8
521 665 10
521 750 9
522 524 12
522 525 12
522 529 9
522 532 12
522 534 8
522 548 11
522 551 11
522 558 15
522 569 14
522 591 12
523 530 19
523 542 9
523 545 11
523 547 9
523 554 12
523 556 11
523 561 8
523 564 12
523 576 12
523 581 11
523 583 15
523 588 16
523 593 14
523 595 9
524 532 10
524 534 12
524 537 10
524 544 8
524 548 18
524 551 12
524 558 16
524 559 11
524 564 8
524 569 9
524 575 12
524 595 12
525 529 14
525 532 10
525 543 6
525 558 9
525 569 13
525 571 4
525 591 12
525 598 8
526 622 12
526 638 11
526 659 9
526 675 15
526 678 6
526 769 17
526 771 9
526 811 10
526 828 5
526 840 9
526 846 15
526 851 9
526 864 12
526 897 10
527 587 8
527 604 8
527 606 13
527 620 13
527 671 7
527 692 11
528 572 14
528 574 13
528 578 12
528 589 10
528 705 12
528 708 15
528 713 8
528 723 9
528 730 5
528 743 8
528 749 8
528 751 12
528 761 10
528 764 15
528 780 10
528 789 11
529 543 8
529 569 8
529 571 8
530 542 9
530 545 11
530 547 9
530 554 12
530 556 11
530 561 8
530 564 12
530 576 12
530 581 11
530 583 15
530 588 16
530 593 14
530 595 9
531 540 7
531 544 5
531 545 9
531 549 10
531 553 10
531 554 10
531 567 16
531 576 10
531 579 10
531 580 17
531 590 11
531 750 7
531 761 7
531 776 8
531 789 7
532 539 14
532 540 13
532 544 14
532 548 11
532 551 16
532 558 12
532 569 16
532 591 16
532 598 11
532 776 8
533 542 9
533 545 6
533 555 12
533 561 11
533 562 10
533 566 11
533 573 14
533 577 14
533 585 12
533 592 15
533 625 8
533 636 15
533 642 11
533 654 15
533 665 13
533 800 8
534 537 13
534 558 11
534 559 12
534 560 8
534 575 14
534 586 10
534 595 10
535 550 13
535 556 8
535 570 13
535 581 9
535 626 16
535 671 7
535 687 8
536 572 10
536 702 6
536 709 12
536 710 11
536 714 16
536 721 12
536 723 10
536 726 7
536 731 17
536 736 12
536 742 17
536 743 9
536 749 11
536 768 12
536 770 6
536 780 13
536 782 15
536 787 12
536 799 14
537 538 10
537 547 13
537 548 9
537 552 13
537 558 8
537 559 16
537 575 17
537 586 9
537 595 13
538 547 10
538 550 11
538 552 16
538 570 12
538 586 9
539 540 16
539 544 16
539 551 13
539 567 8
539 569 11
539 579 10
539 591 12
539 598 12
539 600 8
539 776 12
540 544 17
540 548 7
540 551 13
540 564 6
540 567 9
540 569 10
540 579 13
540 580 5
540 591 11
540 598 10
540 776 12
542 545 16
542 549 15
542 554 14
542 555 12
542 561 13
542 566 12
542 576 14
542 580 9
542 588 11
542 590 13
542 592 13
542 636 11
543 546 9
543 571 16
543 596 7
544 548 9
544 551 15
544 564 8
544 567 7
544 569 11
544 579 12
544 583 5
544 591 11
544 598 10
544 776 10
545 549 13
545 554 17
545 561 12
545 576 17
545 580 9
545 583 9
545 588 13
545 590 11
545 592 10
545 636 8
546 571 10
547 550 12
547 552 13
547 559 13
547 575 11
547 581 14
547 593 13
547 595 13
548 551 13
548 558 15
548 559 10
548 564 9
548 569 10
548 575 11
548 593 7
548 595 11
549 554 12
549 555 14
549 561 10
549 562 13
549 566 14
549 576 12
549 580 12
549 588 8
549 590 17
549 592 14
549 636 12
549 654 11
549 750 11
550 552 14
550 556 8
550 570 11
550 581 12
550 626 12
550 687 6
551 558 11
551 564 8
551 569 14
551 579 8
551 591 13
551 595 6
551 598 9
552 570 10
552 575 11
552 586 9
553 567 12
553 574 10
553 580 9
553 584 9
553 589 12
553 600 8
553 705 12
553 713 12
553 761 14
553 764 7
553 776 13
553 789 12
554 561 10
554 564 9
554 576 19
554 579 10
554 580 10
554 583 11
554 588 15
554 590 10
554 592 8
554 593 8
555 562 16
555 566 18
555 568 13
555 577 7
555 590 14
555 592 14
555 636 16
555 654 15
555 659 7
555 750 12
556 561 10
556 573 6
556 581 12
556 588 10
556 626 11
556 642 5
556 665 5
556 687 13
557 596 10
557 597 6
557 598 7
557 599 12
557 600 8
558 559 8
558 569 12
558 575 9
558 591 11
558 595 9
559 564 9
559 575 16
559 581 10
559 583 9
559 593 13
559 595 16
560 586 8
561 573 11
561 576 10
561 577 9
561 588 10
561 592 13
561 636 11
561 642 9
561 665 10
561 687 9
562 566 17
562 568 15
562 578 5
562 580 9
562 590 14
562 592 12
562 636 13
562 654 12
562 750 15
562 751 5
563 577 8
563 585 11
563 619 8
563 622 14
563 625 15
563 632 13
563 638 15
563 659 7
563 665 8
563 690 14
563 697 16
563 700 17
563 706 12
563 800 15
563 808 11
563 868 9
563 897 14
564 576 9
564 579 10
564 583 16
564 588 11
564 593 14
564 595 12
565 725 11
565 775 11
566 568 14
566 580 8
566 590 14
566 592 13
566 636 15
566 654 14
566 659 7
566 750 13
567 579 12
567 580 14
567 590 8
567 750 6
567 761 8
567 776 11
567 789 8
568 574 6
568 578 8
568 590 11
568 636 10
568 654 11
568 659 6
568 737 7
568 743 4
568 750 15
568 751 8
568 789 6
569 591 17
569 598 11
570 626 10
572 574 9
572 578 13
572 705 8
572 708 16
572 709 13
572 714 8
572 723 13
572 731 10
572 743 11
572 749 12
572 751 13
572 764 10
572 780 15
572 782 11
572 787 8
572 789 7
573 577 17
573 585 15
573 592 10
573 632 10
573 636 10
573 642 16
573 665 18
573 687 8
573 697 10
573 700 9
573 800 11
574 578 11
574 589 13
574 705 16
574 708 11
574 713 10
574 750 7
574 751 11
574 761 14
574 764 14
574 789 16
575 586 8
575 593 10
575 595 14
576 579 10
576 580 10
576 583 11
576 588 15
576 590 10
576 592 8
576 593 8
577 585 16
577 592 10
577 625 12
577 632 11
577 636 10
577 642 16
577 654 11
577 665 18
577 687 7
577 697 11
577 700 10
577 800 12
578 678 8
578 705 9
578 708 15
578 709 11
578 723 12
578 737 12
578 743 12
578 750 7
578 751 19
578 764 9
578 780 10
578 789 9
579 580 8
579 583 9
579 588 8
579 776 9
580 590 13
580 750 9
580 761 6
580 789 7
581 583 10
581 588 8
581 593 13
581 626 10
581 687 9
582 603 13
582 609 14
582 616 9
582 618 13
582 619 11
582 627 17
582 628 13
582 633 9
582 637 13
582 644 13
582 652 15
582 656 17
582 664 10
582 672 11
582 677 11
582 686 13
582 689 5
582 693 19
582 698 13
582 868 9
583 588 14
583 593 15
583 595 10
584 589 10
584 594 11
584 597 8
584 599 12
584 600 13
584 704 10
584 713 13
584 761 8
584 776 8
584 784 8
585 592 8
585 622 7
585 625 15
585 632 12
585 636 9
585 638 8
585 642 15
585 654 10
585 665 16
585 697 13
585 700 12
585 800 15
587 606 9
587 608 8
587 620 7
587 647 10
587 650 8
587 660 8
587 663 10
587 671 14
587 679 9
587 684 10
587 687 1
588 593 11
589 594 12
589 704 10
589 705 16
589 713 16
589 761 17
589 764 14
589 776 8
589 789 13
590 592 13
590 636 12
590 654 11
590 750 13
591 598 13
591 600 7
591 776 8
592 636 17
592 654 14
592 665 9
593 595 14
594 597 4
594 704 17
594 705 9
594 713 13
594 761 10
594 764 11
594 784 9
597 599 9
597 600 6
597 775 12
597 784 11
598 599 9
598 600 11
598 776 9
599 600 13
599 713 6
599 784 6
600 713 7
600 776 12
601 604 16
601 606 11
601 613 13
601 620 13
601 641 14
601 643 15
601 681 14
601 682 17
601 683 14
601 692 15
602 608 15
602 616 15
602 624 11
602 630 12
602 634 13
602 646 17
602 647 14
602 650 13
602 653 17
602 656 7
602 658 11
602 660 16
602 663 14
602 679 15
602 684 14
602 689 17
603 609 16
603 618 18
603 619 12
603 627 12
603 628 18
603 644 18
603 645 8
603 652 16
603 656 12
603 667 13
603 686 10
603 693 13
603 698 13
603 699 10
603 706 9
603 809 11
603 868 12
603 881 6
604 606 13
604 613 15
604 620 14
604 629 11
604 641 12
604 643 13
604 666 10
604 681 16
604 682 15
604 683 16
604 692 15
605 610 16
605 628 9
605 637 12
605 662 11
605 674 12
605 680 10
605 686 14
605 691 11
605 698 14
605 699 17
605 801 5
605 809 11
605 857 6
605 861 9
606 620 17
606 671 7
606 692 15
607 611 12
607 640 10
607 648 15
607 657 13
607 669 16
608 616 11
608 630 12
608 632 5
608 634 13
608 646 16
608 647 15
608 650 17
608 653 15
608 660 17
608 663 17
608 679 17
608 684 15
608 689 14
609 618 17
609 619 15
609 627 12
609 628 16
609 644 17
609 652 18
609 656 13
609 667 13
609 690 8
609 693 14
609 698 12
609 706 11
609 808 10
609 809 8
609 868 13
610 614 6
610 617 11
610 633 10
610 662 13
610 674 14
610 680 12
610 686 12
610 691 12
610 696 12
610 698 12
610 699 15
610 809 8
610 857 6
610 861 9
611 639 7
611 641 13
611 643 13
611 648 15
611 649 16
611 657 17
611 669 10
611 694 14
612 631 13
612 640 14
612 669 9
612 685 15
612 695 16
612 696 12
612 802 14
612 814 5
612 821 11
613 624 8
613 629 15
613 630 8
613 634 8
613 641 14
613 643 15
613 649 10
613 658 7
613 666 14
613 681 18
613 682 14
613 683 18
613 692 11
613 694 13
614 691 13
614 801 15
614 805 13
614 814 10
614 821 11
614 824 13
614 857 16
614 861 13
614 882 12
614 898 12
615 668 10
616 619 5
616 624 9
616 627 8
616 646 14
616 647 10
616 652 7
616 653 14
616 656 11
616 658 10
616 660 12
616 672 9
616 677 9
616 679 11
616 684 10
616 689 15
616 693 9
617 621 9
617 631 14
617 633 15
617 635 15
617 639 13
617 651 13
617 662 16
617 664 14
617 672 11
617 674 14
617 677 11
617 680 18
617 696 15
618 619 13
618 627 12
618 628 18
618 637 10
618 644 19
618 645 8
618 652 17
618 656 12
618 667 13
618 686 10
618 693 13
618 698 13
618 699 10
618 706 10
618 808 10
618 809 10
618 868 13
619 628 12
619 644 13
619 652 14
619 656 10
619 667 13
619 690 12
619 693 11
619 697 6
619 700 7
619 706 15
619 808 13
619 868 16
619 897 10
620 681 11
620 682 11
620 683 11
620 692 17
621 623 16
621 624 8
621 629 10
621 633 8
621 635 11
621 639 11
621 649 9
621 651 13
621 658 11
621 664 8
621 666 10
621 672 11
621 677 11
621 694 9
622 625 11
622 638 18
622 659 11
622 675 8
622 690 14
622 697 11
622 700 12
622 706 12
622 769 11
622 800 11
622 808 12
622 846 13
622 864 6
622 868 9
622 897 16
623 624 8
623 629 8
623 630 6
623 633 9
623 635 11
623 639 9
623 651 12
623 653 8
623 658 11
623 664 10
623 666 8
623 672 13
623 677 13
623 689 9
623 694 7
624 629 11
624 630 17
624 634 16
624 646 11
624 647 14
624 653 12
624 658 16
624 660 12
624 666 13
624 679 13
624 681 8
624 683 8
624 684 14
624 689 12
625 632 13
625 638 12
625 654 8
625 659 11
625 665 12
625 690 11
625 697 15
625 700 14
625 706 9
625 800 17
625 808 8
625 897 11
626 642 3
626 671 8
626 687 11
627 628 12
627 633 11
627 637 15
627 644 12
627 652 13
627 656 16
627 664 12
627 672 11
627 674 11
627 677 11
627 686 15
627 689 5
627 693 17
627 698 15
627 699 12
628 637 11
628 644 18
628 645 7
628 652 16
628 656 12
628 667 12
628 686 11
628 693 13
628 698 14
628 699 11
628 706 9
628 809 11
628 868 12
629 630 10
629 634 9
629 641 11
629 643 11
629 649 13
629 651 6
629 658 10
629 666 17
629 681 14
629 682 10
629 683 14
629 694 16
630 634 18
630 646 12
630 647 15
630 653 13
630 658 14
630 660 13
630 663 12
630 666 12
630 679 14
630 681 8
630 683 8
630 684 15
630 689 13
631 639 11
631 640 13
631 648 6
631 662 13
631 669 12
631 680 13
631 695 15
631 696 15
632 638 9
632 642 12
632 646 3
632 650 7
632 663 4
632 665 11
632 690 8
632 697 16
632 700 15
632 800 15
632 897 8
633 635 15
633 637 14
633 651 11
633 662 14
633 664 18
633 672 15
633 674 15
633 677 15
633 680 15
633 686 13
633 693 9
633 698 11
633 699 10
634 646 13
634 647 16
634 650 12
634 653 13
634 658 13
634 660 14
634 663 13
634 666 11
634 679 15
634 681 8
634 683 8
634 684 16
634 689 12
635 637 11
635 639 13
635 651 15
635 662 13
635 664 15
635 672 14
635 674 13
635 677 14
635 680 15
635 696 12
636 654 16
636 659 7
636 665 9
637 644 10
637 652 10
637 656 12
637 662 12
637 664 14
637 672 11
637 674 15
637 677 11
637 680 12
637 686 17
637 693 13
637 698 15
637 699 14
638 659 11
638 675 7
638 690 15
638 697 12
638 700 13
638 706 12
638 769 10
638 800 12
638 808 12
638 846 12
638 868 9
638 897 17
639 648 11
639 649 9
639 651 16
639 657 9
639 680 12
639 696 10
640 669 13
640 685 12
640 695 14
640 802 11
640 836 8
641 643 18
641 649 12
641 657 11
641 681 13
641 682 16
641 683 13
641 694 12
642 650 4
642 665 17
642 687 9
642 697 12
642 700 11
642 800 11
643 649 12
643 657 11
643 666 10
643 681 14
643 682 16
643 683 14
643 692 11
643 694 12
644 645 8
644 652 17
644 656 12
644 667 13
644 686 10
644 693 13
644 698 13
644 699 10
644 706 10
644 808 10
644 809 10
644 868 13
645 661 11
645 667 11
645 676 14
645 801 11
645 808 7
645 809 13
645 824 11
645 833 12
645 857 10
645 859 13
645 861 11
645 868 7
645 879 10
645 881 17
645 894 11
646 647 14
646 650 14
646 653 16
646 660 17
646 663 15
646 679 16
646 684 14
646 689 15
647 650 14
647 653 14
647 658 12
647 660 16
647 663 16
647 679 17
647 684 19
647 689 13
648 649 15
648 651 9
648 657 17
648 669 13
648 694 12
649 651 9
649 657 17
649 666 11
649 694 16
650 653 13
650 660 15
650 663 16
650 679 15
650 684 14
650 697 4
650 700 4
651 662 10
651 664 11
651 672 10
651 677 10
651 680 12
651 694 7
651 696 10
652 656 14
652 667 12
652 686 10
652 693 15
652 698 12
652 706 10
652 808 9
652 809 8
652 868 12
653 656 6
653 658 13
653 660 16
653 663 14
653 672 7
653 677 7
653 679 15
653 684 14
653 689 18
654 659 9
654 665 10
654 750 9
654 800 6
655 702 15
655 710 10
655 712 10
655 728 17
655 733 12
655 738 13
655 747 14
655 748 16
655 757 15
655 760 17
655 770 15
655 772 17
655 774 15
655 781 10
655 834 15
655 847 17
655 853 13
655 862 17
655 889 7
656 664 9
656 672 11
656 677 11
656 689 7
656 693 17
656 698 12
657 669 11
657 694 14
658 660 11
658 666 12
658 672 6
658 677 6
658 679 11
658 683 7
658 684 12
658 689 13
658 694 8
659 675 7
659 690 8
659 769 9
659 800 9
659 846 8
659 897 10
660 663 16
660 679 18
660 684 16
660 689 15
661 673 10
661 676 15
661 801 13
661 805 10
661 823 11
661 824 15
661 828 10
661 833 17
661 850 5
661 857 12
661 859 15
661 861 11
661 869 7
661 875 6
661 879 14
661 881 12
661 887 6
661 894 19
662 664 13
662 674 16
662 680 17
662 686 12
662 691 8
662 695 13
662 696 17
662 698 9
662 699 11
663 671 6
663 679 16
663 684 16
663 689 13
664 672 16
664 674 14
664 677 16
664 680 14
664 686 12
664 693 10
664 698 10
664 699 9
665 687 8
665 697 11
665 700 10
665 800 12
666 681 13
666 682 9
666 683 13
666 684 8
666 694 14
667 676 6
667 690 10
667 706 12
667 808 13
667 809 10
667 846 6
667 859 5
667 868 14
667 881 9
667 897 8
668 670 18
668 688 17
670 688 17
671 687 5
672 677 19
672 680 11
672 686 9
672 689 8
672 693 11
673 771 9
673 807 11
673 823 10
673 828 12
673 829 8
673 833 9
673 843 11
673 850 10
673 854 8
673 855 9
673 859 7
673 864 6
673 867 8
673 869 13
673 875 13
673 879 11
673 887 8
673 894 10
674 680 15
674 686 15
674 691 8
674 696 14
674 698 12
674 699 13
675 678 10
675 737 6
675 769 16
675 771 9
675 811 11
675 840 12
675 846 12
675 851 12
675 863 7
675 864 10
676 691 7
676 801 14
676 805 10
676 809 10
676 824 15
676 828 8
676 833 16
676 857 13
676 859 18
676 861 13
676 879 13
676 881 15
676 894 15
677 680 11
677 686 9
677 689 8
677 693 11
678 709 11
678 723 12
678 726 12
678 737 13
678 743 13
678 751 8
678 769 7
678 811 8
678 840 12
678 851 13
678 863 7
679 684 17
679 689 14
680 686 12
680 696 16
680 699 10
681 682 15
681 683 19
681 692 12
681 694 12
682 683 15
682 692 13
682 694 9
683 692 12
683 694 12
684 689 13
685 695 13
685 802 18
685 814 9
685 821 15
685 836 14
686 693 13
686 698 16
686 699 16
690 697 11
690 700 12
690 706 16
690 800 11
690 808 16
690 846 9
690 868 13
690 897 17
691 696 8
691 699 9
691 801 12
691 805 9
691 824 10
691 857 13
691 859 7
691 861 13
691 882 7
691 898 7
693 698 13
693 868 9
695 696 15
695 802 12
695 821 9
697 700 18
697 706 10
697 800 17
697 897 11
698 699 16
698 809 10
699 809 10
699 861 7
700 706 11
700 800 16
700 808 10
700 868 8
700 897 12
701 703 14
701 707 6
701 715 5
701 716 11
701 722 9
701 724 11
701 729 10
701 735 13
701 744 8
701 746 11
701 755 13
701 762 13
701 763 15
701 766 11
701 778 11
701 786 18
701 797 15
702 710 13
702 721 7
702 726 7
702 728 16
702 733 11
702 736 9
702 742 8
702 747 13
702 748 14
702 757 13
702 760 16
702 770 17
702 772 16
702 774 13
702 834 13
702 847 14
702 853 11
702 862 17
703 707 9
703 716 8
703 720 10
703 722 11
703 724 10
703 729 13
703 735 10
703 739 13
703 740 11
703 744 13
703 755 17
703 762 18
703 763 11
703 778 9
703 786 15
703 790 10
703 791 13
703 797 11
704 713 11
704 730 7
704 734 5
704 754 7
704 764 9
704 784 10
704 792 5
705 708 9
705 713 13
705 750 6
705 751 9
705 761 17
705 764 14
705 789 16
706 800 9
706 808 17
706 868 16
706 897 14
707 718 12
707 720 15
707 721 10
707 722 16
707 724 11
707 733 7
707 735 6
707 744 10
707 753 9
707 756 11
707 768 10
707 781 7
707 787 7
707 790 8
707 791 9
708 709 13
708 723 13
708 737 9
708 743 12
708 749 9
708 751 15
708 761 7
708 764 11
708 780 13
708 782 8
708 789 8
709 710 7
709 714 9
709 723 17
709 726 7
709 731 11
709 737 12
709 742 10
709 743 15
709 749 10
709 751 11
709 780 16
709 782 12
710 712 9
710 714 9
710 721 9
710 723 6
710 726 9
710 728 10
710 731 10
710 736 11
710 742 13
710 747 10
710 760 10
710 770 12
710 772 10
710 799 9
710 847 9
710 862 12
711 720 10
711 732 13
711 738 9
711 739 10
711 744 10
711 753 9
711 767 8
711 777 10
711 781 10
711 783 10
711 788 11
711 790 13
711 791 10
711 793 12
711 794 11
712 726 12
712 747 15
712 798 14
712 811 9
712 826 8
712 840 8
712 847 11
712 851 8
712 853 13
712 855 7
712 862 11
712 863 13
712 871 8
712 889 14
713 761 14
713 764 12
713 776 8
713 784 5
713 789 10
714 715 8
714 718 12
714 721 14
714 731 17
714 736 14
714 742 14
714 749 13
714 756 10
714 768 15
714 780 11
714 782 16
714 787 14
714 799 17
715 722 8
715 724 12
715 730 14
715 734 10
715 735 9
715 749 10
715 756 14
715 766 11
715 768 10
715 782 9
715 787 12
715 792 16
715 799 8
716 729 13
716 741 11
716 746 14
716 755 9
716 762 8
716 763 14
716 765 7
716 778 17
716 786 11
716 796 13
716 797 13
717 727 6
717 773 13
717 779 4
717 822 15
717 860 11
717 870 16
717 888 15
717 891 13
717 900 13
718 720 9
718 721 17
718 722 9
718 724 7
718 731 11
718 733 10
718 736 15
718 742 11
718 753 11
718 756 13
718 768 15
718 770 7
718 781 9
718 782 9
718 787 11
718 799 14
719 798 7
719 804 11
719 806 12
719 807 6
719 817 8
719 818 9
719 826 15
719 829 12
719 830 13
719 835 10
719 853 6
719 855 11
719 858 13
719 867 11
719 871 15
719 874 9
719 889 8
719 896 12
720 722 15
720 724 10
720 732 8
720 739 10
720 744 14
720 753 10
720 755 9
720 756 7
720 762 10
720 781 8
720 790 12
720 791 12
721 722 7
721 731 13
721 733 10
721 736 17
721 742 13
721 753 10
721 756 11
721 760 7
721 768 15
721 770 9
721 781 8
721 782 11
721 787 11
721 799 16
722 724 14
722 735 9
722 744 12
722 753 7
722 755 10
722 756 10
722 762 11
722 768 8
722 781 5
722 786 9
722 790 9
722 791 11
723 726 8
723 731 9
723 737 13
723 742 9
723 743 17
723 751 12
723 780 15
723 782 10
723 851 6
724 730 8
724 735 14
724 755 8
724 756 12
724 762 9
724 766 11
724 768 7
724 786 10
724 787 8
724 792 10
724 797 8
725 754 7
725 765 7
725 775 14
726 737 8
726 742 8
726 743 9
726 747 9
726 798 11
726 811 8
726 840 12
726 851 13
726 862 8
726 863 11
726 889 8
727 745 16
727 759 10
727 777 11
727 779 16
727 785 12
727 793 14
727 794 12
728 733 14
728 736 9
728 738 14
728 747 12
728 748 17
728 753 11
728 757 16
728 760 19
728 770 16
728 772 19
728 774 16
728 781 12
728 834 15
728 847 15
728 853 11
728 862 15
729 739 11
729 740 13
729 741 8
729 744 10
729 752 15
729 755 15
729 762 14
729 763 10
729 778 15
729 786 11
729 790 8
729 791 10
729 796 9
729 797 9
730 734 11
730 735 8
730 749 11
730 754 7
730 756 10
730 764 6
730 766 10
730 787 10
730 792 16
731 736 13
731 742 15
731 749 13
731 756 9
731 768 13
731 780 13
731 782 17
731 787 14
731 799 15
732 733 12
732 738 15
732 744 7
732 748 12
732 753 12
732 757 12
732 767 14
732 774 12
732 781 14
732 788 12
732 790 7
732 834 11
733 736 11
733 738 13
733 748 14
733 753 15
733 757 15
733 760 14
733 768 7
733 770 13
733 772 14
733 774 13
733 781 15
733 799 8
733 834 12
734 735 12
734 754 14
734 758 12
734 765 10
734 766 14
734 792 13
734 797 8
735 754 8
735 755 8
735 756 7
735 758 8
735 762 9
735 763 11
735 766 16
735 786 12
735 792 11
735 797 12
736 742 13
736 753 10
736 756 9
736 760 9
736 768 13
736 770 11
736 772 9
736 781 8
736 782 11
736 787 10
736 799 16
737 743 15
737 751 12
737 780 9
737 840 6
737 851 7
738 748 16
738 753 12
738 757 16
738 760 14
738 767 16
738 772 14
738 774 16
738 781 14
738 788 11
738 834 15
738 847 12
739 740 16
739 744 15
739 752 13
739 755 13
739 762 14
739 777 13
739 783 14
739 790 16
739 791 17
739 793 10
739 794 12
740 744 12
740 752 16
740 755 12
740 762 12
740 777 13
740 778 9
740 783 15
740 790 14
740 791 14
740 793 10
740 794 12
741 746 7
741 752 7
741 778 11
741 795 16
741 796 17
742 743 8
742 768 11
742 770 8
742 780 11
742 782 13
742 787 10
742 799 14
742 862 6
743 751 12
743 780 13
743 840 6
743 851 7
744 752 10
744 755 13
744 762 14
744 783 12
744 786 9
744 790 16
744 791 17
745 759 13
745 779 19
745 785 15
745 793 16
746 758 10
746 763 15
746 765 11
746 778 13
746 786 11
746 796 9
746 797 14
747 748 11
747 760 12
747 770 11
747 772 12
747 774 11
747 798 10
747 826 7
747 834 11
747 847 15
747 853 17
747 862 15
747 863 9
747 871 8
747 889 12
748 753 11
748 757 18
748 760 17
748 767 14
748 770 14
748 772 17
748 774 18
748 781 13
748 834 17
748 847 14
748 853 11
748 862 14
749 756 10
749 764 6
749 768 11
749 780 13
749 782 15
749 787 15
749 792 8
749 799 11
750 751 7
750 789 9
751 764 9
751 780 10
751 789 9
752 755 11
752 762 11
752 777 10
752 778 11
752 783 12
752 790 11
752 791 12
752 794 9
752 795 6
753 756 7
753 757 12
753 760 11
753 768 8
753 772 11
753 774 10
753 781 17
754 758 14
754 765 12
754 766 9
754 784 8
754 792 8
755 762 18
755 763 11
755 778 11
755 786 14
755 790 10
755 791 13
755 797 11
756 766 7
756 768 14
756 782 10
756 787 14
756 792 11
756 799 11
757 760 16
757 767 14
757 770 15
757 772 16
757 774 17
757 781 14
757 834 16
757 847 13
757 862 13
758 763 10
758 765 16
758 766 10
758 797 11
759 777 15
759 779 13
759 783 14
759 785 17
759 793 14
759 794 15
760 770 16
760 772 19
760 774 16
760 781 12
760 834 15
760 847 15
760 853 11
760 862 15
761 764 12
761 776 9
761 789 15
762 763 10
762 778 10
762 786 14
762 790 11
762 791 14
762 797 10
763 765 10
763 766 10
763 778 13
763 786 15
763 796 8
763 797 18
764 789 12
765 797 11
766 786 10
766 792 13
766 797 11
767 774 15
767 781 13
767 788 14
767 818 9
767 832 10
767 834 15
768 780 8
768 782 13
768 787 15
768 799 16
769 771 9
769 811 10
769 828 5
769 840 10
769 846 14
769 851 10
769 864 11
769 897 9
770 772 16
770 774 13
770 781 11
770 834 13
770 847 13
770 862 15
771 798 8
771 811 14
771 828 11
771 829 10
771 840 11
771 843 13
771 846 8
771 851 10
771 855 11
771 863 10
771 864 12
771 879 6
772 774 16
772 781 12
772 834 15
772 847 15
772 853 11
772 862 15
773 788 5
773 804 11
773 806 13
773 818 11
773 822 13
773 830 11
773 832 12
773 835 9
773 848 9
773 858 12
773 870 13
773 874 15
773 876 10
773 888 12
773 891 11
774 781 12
774 834 18
774 835 7
774 847 15
774 853 12
774 862 13
775 784 10
777 779 14
777 783 17
777 785 16
777 790 14
777 791 12
777 793 16
777 794 18
778 786 11
778 796 12
778 797 12
779 785 15
779 793 16
779 794 15
780 782 14
780 787 10
780 799 9
782 787 15
782 799 14
783 785 15
783 790 15
783 791 13
783 793 14
783 794 16
785 793 16
785 794 16
786 791 9
786 797 15
787 792 9
787 799 13
788 793 6
788 794 5
788 818 10
788 832 11
790 791 16
790 793 11
790 794 13
791 794 11
793 794 17
795 796 14
798 811 13
798 826 11
798 829 11
798 840 11
798 843 10
798 847 6
798 851 10
798 853 9
798 855 11
798 863 17
798 871 10
798 889 15
800 808 8
800 897 11
801 805 13
801 809 9
801 823 6
801 824 17
801 833 13
801 857 18
801 859 14
801 861 15
801 879 10
801 881 11
801 882 9
801 894 13
801 898 9
802 814 10
802 821 16
802 836 14
803 810 15
803 816 10
803 817 10
803 819 9
803 820 10
803 827 12
803 831 17
803 838 11
803 844 9
803 848 7
803 856 10
803 866 12
803 877 9
803 883 11
803 884 13
803 886 10
803 892 9
804 806 11
804 818 16
804 822 6
804 826 10
804 830 11
804 832 14
804 835 16
804 858 12
804 871 12
804 874 10
805 823 12
805 824 14
805 833 9
805 845 6
805 849 7
805 857 13
805 859 10
805 861 10
805 882 14
805 885 6
805 887 7
805 894 10
805 898 14
805 899 6
806 817 11
806 818 9
806 820 8
806 822 11
806 826 8
806 830 17
806 835 9
806 838 11
806 848 9
806 858 17
806 867 9
806 871 9
806 874 16
806 876 10
806 891 9
806 896 11
807 817 9
807 820 10
807 823 7
807 827 10
807 829 9
807 843 8
807 850 13
807 854 15
807 855 9
807 856 12
807 865 10
807 867 14
807 869 13
807 875 16
807 887 11
807 893 11
807 896 11
808 846 8
808 868 16
808 897 14
809 833 8
809 857 10
809 859 9
809 861 13
809 881 12
810 812 10
810 813 9
810 816 9
810 827 10
810 831 15
810 839 12
810 842 9
810 844 9
810 866 10
810 877 12
810 878 8
810 883 10
810 884 10
810 886 12
810 892 13
811 828 8
811 829 8
811 840 15
811 843 10
811 846 7
811 851 14
811 855 9
811 863 15
811 864 10
811 889 10
812 825 18
812 837 13
812 839 17
812 841 10
812 842 16
812 852 16
812 872 14
812 873 11
812 877 14
812 878 13
812 880 13
812 886 11
812 890 15
812 892 16
813 827 9
813 831 9
813 841 14
813 842 13
813 844 14
813 845 14
813 849 13
813 865 12
813 866 11
813 872 14
813 873 16
813 878 16
813 880 14
813 885 13
813 892 13
813 893 10
813 895 17
813 899 12
814 821 13
814 836 12
814 882 14
814 898 14
815 816 17
815 819 19
815 822 11
815 837 10
815 848 14
815 860 17
815 870 11
815 876 13
815 877 9
815 883 15
815 886 11
815 888 12
815 891 13
815 900 15
816 819 17
816 831 8
816 837 11
816 838 8
816 839 7
816 848 12
816 860 15
816 876 11
816 877 10
816 883 17
816 884 8
816 886 13
816 888 10
816 891 11
816 900 13
817 820 16
817 827 11
817 830 11
817 831 10
817 838 16
817 848 9
817 854 11
817 856 11
817 858 10
817 866 9
817 867 10
817 874 10
817 876 9
817 884 15
817 893 8
817 896 14
818 830 9
818 832 16
818 834 8
818 835 15
818 858 10
818 871 10
818 874 8
819 822 11
819 837 10
819 848 14
819 860 17
819 870 11
819 876 13
819 877 9
819 883 15
819 886 11
819 888 12
819 891 13
819 900 15
820 827 13
820 830 9
820 831 10
820 838 14
820 844 8
820 850 8
820 854 14
820 856 14
820 858 8
820 866 11
820 867 11
820 874 7
820 875 8
820 884 14
820 893 11
820 896 14
821 836 13
821 882 9
821 898 9
822 830 10
822 838 9
822 848 15
822 858 9
822 860 13
822 870 18
822 874 14
822 876 16
822 888 17
822 891 17
822 900 14
823 824 8
823 833 9
823 845 10
823 849 10
823 850 12
823 859 7
823 865 11
823 869 11
823 875 9
823 885 11
823 887 14
823 894 11
823 895 7
823 899 12
824 833 14
824 857 16
824 859 15
824 861 13
824 879 11
824 881 11
824 882 9
824 894 15
824 898 9
825 837 14
825 839 17
825 842 15
825 852 15
825 872 13
825 877 15
825 880 12
825 886 12
825 890 16
826 829 13
826 830 9
826 835 10
826 843 10
826 853 9
826 855 12
826 858 9
826 863 9
826 867 10
826 871 17
826 889 12
826 896 9
827 831 13
827 838 10
827 844 14
827 854 13
827 856 16
827 865 11
827 866 17
827 884 12
827 885 9
827 887 10
827 893 15
827 895 8
827 896 8
828 833 10
828 843 9
828 846 7
828 855 7
828 859 9
828 864 12
828 875 6
828 879 14
828 881 8
828 894 10
829 830 6
829 843 15
829 854 7
829 855 18
829 863 10
829 867 12
829 869 6
829 871 11
829 875 8
829 889 10
829 896 9
830 835 9
830 838 10
830 854 7
830 858 18
830 867 10
830 871 10
830 874 15
830 876 9
830 884 8
830 896 13
831 838 11
831 844 11
831 848 6
831 856 10
831 866 13
831 877 8
831 878 6
831 884 13
831 886 9
831 892 11
831 893 10
832 835 12
832 858 9
832 870 8
833 857 12
833 859 17
833 861 11
833 864 7
833 879 15
833 881 14
833 894 17
834 835 8
834 847 15
834 853 12
834 862 13
835 847 8
835 853 11
835 858 10
835 871 12
835 874 8
835 889 9
837 839 15
837 877 18
837 883 13
837 886 17
837 890 17
838 848 12
838 854 9
838 856 10
838 858 9
838 866 9
838 874 11
838 876 12
838 884 17
838 891 11
838 896 11
839 842 14
839 852 14
839 872 12
839 877 16
839 878 11
839 880 11
839 883 9
839 886 13
839 890 17
839 892 14
840 846 6
840 851 18
840 863 13
840 864 9
840 889 7
841 842 13
841 845 15
841 849 14
841 852 13
841 865 11
841 872 15
841 873 17
841 878 16
841 880 15
841 885 13
841 892 11
841 895 16
841 899 13
842 852 18
842 872 17
842 873 14
842 877 11
842 878 16
842 880 16
842 886 8
842 892 15
842 895 11
843 850 5
843 855 16
843 863 10
843 864 6
843 867 10
843 869 7
843 875 8
843 879 6
843 889 9
844 845 13
844 849 13
844 850 11
844 854 8
844 856 12
844 865 14
844 866 16
844 873 12
844 878 11
844 885 14
844 887 12
844 893 14
844 895 13
844 899 13
845 849 18
845 850 11
845 865 15
845 866 10
845 872 11
845 873 14
845 878 12
845 880 11
845 885 17
845 887 13
845 893 11
845 895 16
845 899 17
846 864 12
846 879 5
846 897 11
847 853 15
847 862 16
847 889 9
848 860 15
848 870 14
848 874 12
848 876 18
848 884 11
848 888 15
848 891 17
848 900 15
849 850 11
849 865 15
849 873 13
849 878 11
849 880 11
849 882 9
849 885 17
849 887 13
849 895 15
849 899 17
850 854 12
850 856 12
850 865 14
850 866 10
850 867 9
850 869 16
850 875 15
850 885 12
850 887 16
850 893 13
850 899 13
851 863 12
851 864 8
852 872 17
852 873 14
852 877 11
852 878 15
852 880 16
852 890 12
852 892 14
853 862 13
853 863 7
853 871 10
853 889 13
854 856 15
854 865 10
854 866 11
854 867 12
854 869 12
854 875 13
854 884 10
854 887 11
854 893 13
854 896 12
855 863 10
855 867 11
855 871 10
855 875 9
855 889 10
855 896 8
856 865 12
856 866 15
856 869 11
856 875 11
856 884 11
856 885 10
856 887 12
856 893 16
856 896 9
856 899 10
857 859 13
857 861 16
857 881 10
857 882 9
857 894 12
857 898 9
858 867 10
858 871 10
858 874 14
858 876 8
858 896 12
859 861 13
859 879 14
859 881 15
859 894 15
860 870 13
860 876 14
860 883 13
860 886 9
860 888 14
860 891 15
860 900 17
861 881 11
861 894 11
862 889 8
863 864 6
863 871 8
863 889 13
864 879 10
864 881 7
865 866 12
865 869 12
865 873 11
865 875 10
865 885 17
865 887 16
865 893 15
865 895 14
865 899 17
866 884 11
866 885 11
866 887 11
866 893 16
866 895 10
866 899 10
867 869 9
867 871 8
867 875 12
867 896 15
868 897 11
869 875 15
869 879 6
869 885 10
869 887 14
869 893 11
869 894 7
869 899 11
870 874 13
870 876 15
870 888 18
870 891 16
870 900 15
871 889 12
871 896 8
872 873 16
872 877 9
872 878 17
872 880 18
872 892 13
872 895 13
873 878 17
873 880 16
873 885 12
873 892 12
873 895 16
873 899 12
874 876 13
874 884 9
874 888 12
874 891 12
874 896 9
875 887 12
875 893 10
875 896 8
875 899 9
876 884 10
876 888 16
876 891 18
876 900 15
877 883 12
877 886 16
877 890 18
877 892 11
878 880 17
878 885 10
878 892 14
878 895 14
878 899 10
879 881 12
879 894 14
880 892 12
880 895 13
881 894 12
882 898 19
883 886 15
883 890 11
883 900 11
884 891 9
884 893 8
884 896 10
885 887 15
885 893 13
885 895 15
885 899 18
886 890 15
886 892 9
887 893 14
887 895 11
887 899 15
888 891 17
888 900 16
891 900 16
892 895 11
893 895 10
893 899 13
895 899 14
