1 25 12
1 57 9
1 338 9
2 182 10
2 219 11
2 234 9
2 251 12
2 253 9
2 257 9
2 261 8
2 301 10
2 324 12
2 374 13
2 394 10
2 450 12
2 536 6
2 564 7
3 34 6
3 79 10
3 96 8
3 199 7
3 211 10
3 238 7
3 281 9
3 303 12
3 322 10
3 367 13
3 488 9
3 518 11
3 534 9
3 566 10
5 79 10
5 130 7
5 211 9
5 322 9
5 344 6
5 373 11
5 433 9
5 518 10
5 534 10
6 9 10
6 10 11
6 48 7
6 194 11
6 230 11
7 31 10
7 43 10
7 46 13
7 78 12
7 86 13
7 88 12
7 122 12
7 128 10
7 135 13
7 169 11
7 283 9
7 318 7
7 434 11
7 499 13
7 517 7
8 44 13
8 65 10
8 93 8
8 101 12
8 127 10
8 436 10
8 513 10
9 10 7
9 45 10
9 48 9
9 194 9
9 230 8
9 466 9
10 194 8
10 205 7
10 230 12
10 519 8
11 17 6
11 35 6
11 76 7
11 132 10
11 133 11
11 142 6
11 173 6
11 224 7
11 231 6
11 329 10
11 331 6
11 371 11
11 490 8
11 567 10
12 18 12
12 29 12
12 35 11
12 76 11
12 119 13
12 142 11
12 183 13
12 259 12
12 393 12
13 28 9
13 54 10
13 84 12
13 245 7
13 278 9
13 390 12
13 452 5
14 134 11
14 352 11
14 376 13
14 407 8
14 480 9
14 485 8
14 509 9
14 510 8
15 20 9
15 50 9
15 221 11
15 241 10
15 244 8
15 309 11
15 358 8
15 424 11
15 443 10
15 484 10
15 524 13
15 545 11
15 561 6
16 23 9
16 27 4
16 58 10
16 63 12
16 66 12
16 185 10
16 206 8
16 210 9
16 258 10
16 415 9
16 473 9
16 515 11
16 563 9
17 29 3
17 118 10
17 132 9
17 173 12
17 200 6
17 204 11
17 224 11
17 354 8
18 29 10
18 33 4
18 35 10
18 76 9
18 119 11
18 142 10
18 183 11
18 259 10
18 393 13
19 24 9
19 25 6
19 109 10
19 163 9
19 165 8
19 220 14
19 273 11
19 370 10
20 50 10
20 94 9
20 126 6
20 150 6
20 221 12
20 222 6
20 225 9
20 309 11
20 424 11
20 443 7
20 524 9
20 527 9
20 546 7
21 59 11
21 80 9
21 82 8
21 144 9
21 151 8
21 209 10
21 248 10
21 307 9
21 313 6
21 332 11
21 385 8
21 403 11
21 437 10
21 458 9
21 459 11
22 64 11
22 67 10
22 69 11
22 141 5
22 193 13
22 207 6
22 235 8
22 319 7
22 359 7
22 413 12
22 505 8
22 506 11
22 521 12
22 554 10
22 558 10
23 55 7
23 58 12
23 63 9
23 95 9
23 139 13
23 185 11
23 206 11
23 210 8
23 258 8
23 264 7
23 354 7
23 415 8
23 515 12
24 83 11
24 109 9
24 165 10
24 220 9
24 237 10
24 273 10
24 340 10
24 504 10
24 522 10
25 57 9
25 220 6
26 240 12
26 265 13
26 318 6
26 336 10
26 447 11
26 469 12
26 493 11
27 66 5
27 101 4
27 226 11
27 341 9
27 348 11
27 436 5
27 473 8
27 514 9
28 54 6
28 84 8
28 162 4
28 187 9
28 245 10
28 318 5
28 390 9
28 447 8
28 452 8
28 469 8
28 493 8
28 517 7
29 35 11
29 119 13
29 132 7
29 142 11
29 183 13
29 259 12
29 393 10
30 36 7
30 120 11
30 157 9
30 168 10
30 198 11
30 202 14
30 208 10
30 231 8
30 254 13
30 262 13
30 263 9
30 401 9
30 442 11
30 445 10
30 492 12
31 43 13
31 46 9
31 78 9
31 86 11
31 88 12
31 135 9
31 169 11
31 199 9
31 281 8
31 283 10
31 434 10
31 488 5
31 499 11
32 65 11
33 157 10
33 168 6
33 240 8
33 263 10
33 265 7
33 275 9
33 336 10
33 401 9
33 409 9
33 442 10
33 445 8
34 71 11
34 199 4
34 253 7
34 257 7
34 261 7
34 281 6
34 338 9
34 488 9
34 536 7
34 568 9
35 36 8
35 76 13
35 119 12
35 133 9
35 142 14
35 168 5
35 183 12
35 259 12
35 371 7
36 76 8
36 119 6
36 133 8
36 142 8
36 168 10
36 202 7
36 208 11
36 231 12
36 254 8
36 262 8
36 371 9
36 442 6
36 567 5
37 87 10
37 90 8
37 100 9
37 149 2
37 215 10
37 239 2
37 256 6
37 299 10
37 422 8
37 477 9
37 502 4
37 542 8
38 70 12
40 45 9
40 48 10
40 216 8
40 279 11
40 439 6
40 466 10
40 527 9
40 533 7
40 546 9
41 48 6
41 74 7
41 93 7
41 106 6
41 197 6
41 216 6
41 502 8
41 533 9
42 110 9
42 380 9
42 399 6
42 411 8
42 428 5
42 550 9
43 46 10
43 78 9
43 86 11
43 88 12
43 122 9
43 135 10
43 199 9
43 281 8
43 283 10
43 434 11
43 488 5
43 499 11
44 65 10
44 101 11
44 106 8
44 127 9
44 172 6
44 513 9
45 48 9
45 230 5
45 466 13
45 527 10
46 78 11
46 86 12
46 88 11
46 122 13
46 128 11
46 135 13
46 162 8
46 283 9
46 318 7
46 434 11
46 499 12
46 517 8
47 60 11
47 62 12
47 152 14
47 176 13
47 315 14
47 526 12
47 539 13
47 540 13
47 569 14
48 194 8
48 466 9
48 533 6
49 85 10
49 89 8
49 116 11
49 147 11
49 325 12
49 347 8
49 384 8
49 395 6
49 400 5
49 402 13
49 410 5
49 486 5
50 94 12
50 221 11
50 222 9
50 225 10
50 241 8
50 309 12
50 378 8
50 397 6
50 424 7
50 456 11
50 484 10
50 524 10
50 527 8
51 53 8
51 56 6
51 107 8
51 146 10
51 188 11
51 217 8
51 252 5
51 282 5
51 294 9
51 345 12
51 350 6
51 416 9
51 421 6
51 446 8
51 451 10
52 125 4
52 268 13
52 280 9
52 296 11
52 365 10
52 375 11
52 378 8
52 379 13
52 397 8
52 483 9
53 146 10
53 159 6
53 188 7
53 212 3
53 217 11
53 287 3
53 294 12
53 328 11
53 345 7
53 416 12
53 446 12
53 451 10
53 453 11
53 507 9
54 84 9
54 120 8
54 157 9
54 187 7
54 198 7
54 263 8
54 275 10
54 401 9
54 409 10
54 445 8
54 493 7
55 58 6
55 95 12
55 118 11
55 173 9
55 185 6
55 200 10
55 206 8
55 224 8
55 260 13
55 264 7
55 284 6
55 331 6
55 354 13
55 515 6
56 99 11
56 107 7
56 110 8
56 121 11
56 143 10
56 188 6
56 250 8
56 252 12
56 305 5
56 345 7
56 350 7
56 421 9
56 464 8
56 538 5
57 163 11
57 182 12
57 219 10
57 255 8
57 301 12
58 63 10
58 66 8
58 95 8
58 139 13
58 185 11
58 200 8
58 206 9
58 515 12
59 151 9
59 179 6
59 307 8
59 332 8
59 362 9
59 385 10
59 403 13
59 437 8
59 458 11
59 459 11
59 544 10
60 62 13
60 72 11
60 115 12
60 117 12
60 152 11
60 176 12
60 308 11
60 315 11
60 319 9
60 359 9
60 505 8
60 526 13
61 98 7
61 111 8
61 114 5
61 153 9
61 177 9
61 223 9
61 300 7
61 321 6
61 339 7
61 346 8
61 425 9
61 525 8
61 557 7
62 72 10
62 115 11
62 117 11
62 152 12
62 176 13
62 308 10
62 315 12
62 319 8
62 359 8
62 526 14
62 569 12
63 66 10
63 101 3
63 139 10
63 515 9
64 67 7
64 69 13
64 72 8
64 193 11
64 308 8
64 319 10
64 359 10
64 392 13
64 413 13
64 505 11
64 506 8
64 521 11
64 554 12
64 558 7
65 101 8
65 106 11
66 185 9
66 210 9
66 258 9
66 348 4
66 415 9
66 473 11
66 510 9
66 515 9
66 563 11
67 69 7
67 141 9
67 193 10
67 207 9
67 235 12
67 342 7
67 413 8
67 417 6
67 460 7
67 506 13
67 521 9
67 558 14
68 138 12
68 184 12
68 243 11
68 272 10
68 277 12
68 290 12
68 349 10
68 381 9
68 389 7
68 420 6
68 423 7
68 479 12
68 516 10
68 541 11
68 560 8
69 72 8
69 235 6
69 308 8
69 319 10
69 359 10
69 392 13
69 413 13
69 505 11
69 506 8
69 521 12
69 554 11
69 558 7
70 180 9
70 286 9
70 288 7
70 295 9
70 316 5
70 326 9
70 337 7
70 356 6
70 419 12
71 219 6
71 253 9
71 255 8
71 257 9
71 324 6
71 338 12
71 488 7
72 115 13
72 117 12
72 176 9
72 308 14
72 319 12
72 359 12
72 392 9
72 413 7
72 505 11
72 526 10
72 554 9
73 78 12
73 169 13
73 418 11
73 461 13
74 93 11
74 106 9
74 127 10
74 197 13
74 215 8
74 256 10
74 477 7
74 482 10
74 502 9
74 513 10
74 533 3
75 201 10
75 325 4
75 368 11
75 384 8
75 410 12
75 491 11
75 497 8
75 498 10
75 520 5
76 119 12
76 132 5
76 133 10
76 142 13
76 168 5
76 183 12
76 208 5
76 231 7
76 259 12
76 371 8
77 247 11
77 362 11
78 86 11
78 88 10
78 122 10
78 135 11
78 169 12
78 434 9
78 461 12
78 499 11
79 130 8
79 211 10
79 303 9
79 322 11
79 344 5
79 367 11
79 518 12
79 534 11
79 566 8
80 82 9
80 144 9
80 151 8
80 229 11
80 248 10
80 313 11
80 323 3
80 332 12
80 403 6
80 437 12
80 455 10
80 459 8
80 476 3
80 520 11
81 107 11
81 110 12
81 121 10
81 143 8
81 252 11
81 411 12
81 421 13
81 457 9
81 470 12
82 151 11
82 179 8
82 196 7
82 269 5
82 285 5
82 313 10
82 323 6
82 332 7
82 385 5
82 403 8
82 437 7
82 459 7
82 476 7
83 109 10
83 123 7
83 165 12
83 237 10
83 273 9
83 340 10
83 504 11
83 522 12
84 245 6
84 278 10
84 390 12
84 452 5
85 89 6
85 116 10
85 156 7
85 287 7
85 325 8
85 347 12
85 395 10
85 400 7
85 402 9
85 530 8
86 88 13
86 122 11
86 128 10
86 135 12
86 169 11
86 199 6
86 283 10
86 434 12
86 499 14
86 517 6
87 90 10
87 91 8
87 100 13
87 195 3
87 215 7
87 299 12
87 312 9
87 422 11
87 448 7
87 449 10
87 477 7
87 487 8
87 542 11
87 543 10
88 122 10
88 128 9
88 135 11
88 169 12
88 199 7
88 281 6
88 283 11
88 434 12
88 499 13
89 156 8
89 164 7
89 286 5
89 325 9
89 326 4
89 347 6
89 384 5
89 474 7
89 486 9
89 528 6
90 91 12
90 100 9
90 148 8
90 170 7
90 195 7
90 299 9
90 422 12
90 435 6
90 449 9
90 542 12
90 543 10
91 100 7
91 148 10
91 170 9
91 195 9
91 228 10
91 292 10
91 422 11
91 435 8
91 449 9
91 487 8
91 496 10
91 542 11
91 543 10
92 372 13
92 414 8
92 485 8
92 501 9
93 106 11
93 127 12
93 197 10
93 256 9
93 482 9
93 513 12
94 221 9
94 222 10
94 225 12
94 309 10
94 378 7
94 397 7
94 424 6
94 456 12
94 465 10
94 467 10
94 484 8
94 524 8
94 527 8
95 118 10
95 139 8
95 173 7
95 185 6
95 200 11
95 206 8
95 224 6
95 260 11
95 264 6
95 354 12
95 515 7
96 211 10
96 238 13
96 261 7
96 303 10
96 322 9
96 366 13
96 367 8
96 488 6
96 500 13
96 534 9
96 536 9
96 564 9
96 566 12
96 568 9
97 146 8
97 189 6
97 317 8
97 320 4
97 350 6
97 383 11
97 432 5
97 446 8
97 451 8
97 507 9
98 104 10
98 111 12
98 223 5
98 274 11
98 339 6
98 342 9
98 417 9
98 426 8
98 460 8
98 468 12
98 471 11
98 525 12
98 549 11
98 557 7
99 107 9
99 110 9
99 121 10
99 143 8
99 146 5
99 188 9
99 250 5
99 252 12
99 294 5
99 345 9
99 421 11
99 464 5
99 470 8
100 215 7
100 299 12
100 312 10
100 341 7
100 422 10
100 448 7
100 449 10
100 477 8
100 487 8
100 542 10
100 543 10
101 127 8
101 436 9
101 513 8
102 539 14
102 540 14
103 108 10
103 131 12
103 156 10
103 164 11
103 171 11
103 190 11
103 287 5
103 302 9
103 335 10
103 347 7
103 395 9
103 481 12
103 503 8
103 530 10
104 111 8
104 141 7
104 223 6
104 274 10
104 342 9
104 346 6
104 426 8
104 460 9
104 468 8
104 525 8
104 548 6
104 549 10
104 556 7
104 557 10
105 114 6
105 167 7
105 175 10
105 218 10
105 227 10
105 246 13
105 267 7
105 270 10
105 304 6
105 321 9
105 391 10
105 535 6
105 547 8
105 551 6
106 127 10
106 194 3
106 513 10
107 110 10
107 188 10
107 217 5
107 252 9
107 294 6
107 345 10
107 411 10
107 416 6
107 421 12
107 457 11
107 470 11
108 131 11
108 164 10
108 171 13
108 190 12
108 242 10
108 302 10
108 316 7
108 335 13
108 387 7
108 481 10
108 503 10
108 528 11
109 123 10
109 165 12
109 203 8
109 220 10
109 273 13
109 370 10
110 121 11
110 143 9
110 252 10
110 411 13
110 421 12
110 457 7
110 470 10
111 177 9
111 274 9
111 342 7
111 417 9
111 425 13
111 426 9
111 468 14
111 471 13
111 525 14
111 549 11
112 242 10
112 316 10
112 317 5
112 320 11
112 356 9
112 387 9
112 405 13
112 432 9
112 494 13
113 124 6
113 236 7
113 271 9
113 396 6
113 440 7
113 454 6
113 463 8
113 537 9
113 559 6
113 561 6
114 223 9
114 227 8
114 300 12
114 304 13
114 321 9
114 339 7
114 346 10
114 377 11
114 391 7
114 444 12
114 547 10
114 548 10
114 556 9
115 117 13
115 152 9
115 176 10
115 308 13
115 319 11
115 359 11
115 392 8
115 505 10
115 526 11
115 554 8
116 147 12
116 325 9
116 347 9
116 384 6
116 395 7
116 400 7
116 402 10
116 472 10
117 152 10
117 176 11
117 308 12
117 315 10
117 319 10
117 359 10
117 505 9
117 526 11
117 554 8
118 132 5
118 173 10
118 200 10
118 204 10
118 224 8
118 260 10
118 354 12
119 133 8
119 142 12
119 183 14
119 259 13
119 393 11
120 157 11
120 198 13
120 202 11
120 208 7
120 254 10
120 262 10
120 263 11
120 275 11
120 401 12
120 409 7
120 442 10
120 445 13
120 492 12
121 143 12
121 250 7
121 252 12
121 334 6
121 411 11
121 421 10
121 464 7
122 128 12
122 135 12
122 162 9
122 318 7
122 344 7
122 434 11
122 499 11
122 517 8
123 165 9
123 203 12
123 273 9
124 129 7
124 149 12
124 191 8
124 239 10
124 327 8
124 386 8
124 438 7
124 454 14
124 463 12
124 512 7
124 537 10
124 559 12
125 209 9
125 247 6
125 268 4
125 307 10
125 362 10
125 385 10
125 458 9
125 483 6
125 495 10
125 544 10
126 150 14
126 216 7
126 236 7
126 244 9
126 279 10
126 388 8
126 424 7
126 439 7
126 443 9
126 478 10
126 546 11
126 561 8
127 197 9
127 256 9
127 436 8
127 482 9
127 513 14
128 130 8
128 135 11
128 162 10
128 245 4
128 283 10
128 344 9
128 434 11
128 499 10
128 517 8
129 149 8
129 166 7
129 170 7
129 195 9
129 291 9
129 386 13
129 435 10
129 454 7
129 463 6
129 496 8
129 512 12
129 559 9
130 135 6
130 162 6
130 199 7
130 283 9
130 322 5
130 344 10
130 367 5
130 434 8
130 518 7
131 156 9
131 159 7
131 164 10
131 171 11
131 190 11
131 287 5
131 335 11
131 387 6
131 395 8
131 481 13
131 530 10
132 133 9
132 173 8
132 183 6
132 224 8
132 329 8
132 331 6
132 371 7
132 567 7
133 142 9
133 173 4
133 183 8
133 224 4
133 231 7
133 329 8
133 371 10
133 567 9
134 210 8
134 258 7
134 264 6
134 352 13
134 376 10
134 407 9
134 415 8
134 480 10
134 485 5
134 509 10
134 510 9
134 563 7
135 283 10
135 318 7
135 434 12
135 499 12
135 517 7
136 144 11
136 248 10
136 408 10
136 455 10
136 497 8
136 519 6
137 161 12
137 212 11
137 282 9
137 287 7
137 298 12
137 351 10
137 400 10
137 489 13
137 531 13
137 532 10
138 184 13
138 232 7
138 243 9
138 272 9
138 277 12
138 290 11
138 314 11
138 349 10
138 381 9
138 389 6
138 423 7
138 479 12
138 516 9
138 541 13
139 258 9
140 154 12
140 289 12
140 333 12
140 343 12
140 355 10
140 382 10
140 389 10
140 429 8
140 523 12
140 552 11
140 562 11
141 207 11
141 235 11
141 274 10
141 342 12
141 417 9
141 460 11
141 506 8
141 521 5
141 549 8
141 557 6
142 168 5
142 183 12
142 208 5
142 231 7
142 259 12
142 371 7
143 250 8
143 252 10
143 305 6
143 334 8
143 399 4
143 411 9
143 421 8
143 464 8
143 538 6
144 209 7
144 229 8
144 248 12
144 307 6
144 332 10
144 408 9
144 437 10
144 455 10
144 459 8
144 497 8
145 160 3
145 167 5
145 249 8
145 267 7
145 343 7
145 382 8
145 427 8
145 475 9
145 508 7
145 551 6
145 552 7
146 188 9
146 294 11
146 328 9
146 345 10
146 350 7
146 416 10
146 446 11
146 451 12
146 507 8
147 325 10
147 368 6
147 384 8
147 402 11
148 166 10
148 170 11
148 195 8
148 228 12
148 292 12
148 372 9
148 422 8
148 431 9
148 448 9
148 487 7
148 496 9
148 543 9
149 191 8
149 195 4
149 239 10
149 327 7
149 386 9
149 435 5
149 438 6
149 454 12
149 463 11
149 512 8
149 537 8
149 559 12
150 216 7
150 221 4
150 236 7
150 244 9
150 279 10
150 388 8
150 424 7
150 439 7
150 443 9
150 478 10
150 546 11
150 561 8
151 179 8
151 313 9
151 332 9
151 403 8
151 437 9
151 459 8
151 520 5
152 176 13
152 315 14
152 526 12
152 539 13
152 540 13
152 569 14
153 177 12
153 425 12
153 471 12
154 272 7
154 289 11
154 333 12
154 343 12
154 355 10
154 382 11
154 389 10
154 429 8
154 475 5
154 523 12
154 552 11
155 222 8
155 225 7
155 268 7
155 310 9
155 365 9
155 397 11
155 465 12
155 467 12
155 483 8
156 164 12
156 171 9
156 190 8
156 302 7
156 325 6
156 335 8
156 347 8
156 395 8
156 481 9
156 503 7
156 528 10
157 168 7
157 198 10
157 202 9
157 262 8
157 263 13
157 275 12
157 336 8
157 401 12
157 409 9
157 442 11
157 445 12
158 178 9
158 214 12
158 284 10
158 329 7
158 330 8
158 331 8
158 364 12
158 490 10
158 567 7
159 217 5
159 287 5
159 294 5
159 317 6
159 328 7
159 335 5
159 387 8
159 416 5
159 481 7
159 507 7
159 530 6
160 381 7
160 382 6
160 399 7
160 406 12
160 412 11
160 420 7
160 428 8
160 441 11
161 212 9
161 282 9
161 298 10
161 351 11
161 400 8
161 457 6
161 470 5
161 489 11
161 531 11
161 532 12
162 245 8
162 344 10
162 433 6
162 452 10
162 517 9
163 182 11
163 220 9
163 301 11
163 370 8
163 394 11
164 171 10
164 190 9
164 302 9
164 335 9
164 347 6
164 395 7
164 474 11
164 481 10
164 503 8
164 528 10
165 203 7
165 220 8
165 273 11
165 370 8
165 504 9
165 522 10
166 170 13
166 195 11
166 228 11
166 292 11
166 372 7
166 386 7
166 435 11
166 496 12
166 512 9
167 174 11
167 175 11
167 246 8
167 267 10
167 270 11
167 297 10
167 429 6
167 475 9
167 508 11
167 535 12
167 551 13
168 202 10
168 208 11
168 231 9
168 254 10
168 262 10
168 263 8
168 442 10
169 461 12
169 499 11
170 195 11
170 228 11
170 292 11
170 372 7
170 435 11
170 448 7
170 496 12
170 512 8
170 542 7
171 190 13
171 242 10
171 302 10
171 316 7
171 335 12
171 387 6
171 481 10
171 503 10
171 528 11
171 530 7
172 200 5
173 200 7
173 224 12
173 260 8
173 329 7
173 331 8
173 354 9
174 175 10
174 270 10
174 297 9
174 429 8
174 508 11
174 535 12
174 551 12
175 218 7
175 227 6
175 246 11
175 267 9
175 270 14
175 297 9
175 391 6
175 475 6
175 508 8
175 535 10
175 551 10
176 308 9
176 315 13
176 526 13
176 539 12
176 569 13
177 218 6
177 223 8
177 321 7
177 339 11
177 391 7
177 425 10
177 426 9
177 468 9
177 471 10
177 525 9
177 547 6
178 264 7
178 284 10
178 330 13
178 331 6
178 364 11
178 407 10
178 480 9
178 490 5
178 509 9
179 196 9
179 247 9
179 269 7
179 285 7
179 362 5
179 403 6
179 459 5
179 476 8
179 553 6
179 555 7
180 286 7
180 288 11
180 293 8
180 295 5
180 326 10
180 337 11
180 361 10
180 363 11
180 398 8
180 404 11
180 419 11
180 430 10
181 213 11
181 237 11
181 266 11
181 340 11
181 353 12
181 369 11
181 462 13
182 219 11
182 251 12
182 255 9
182 301 13
182 374 10
182 394 13
182 450 12
182 565 9
183 259 13
183 393 11
184 243 9
184 272 10
184 277 13
184 290 11
184 314 11
184 349 10
184 355 7
184 381 9
184 389 7
184 423 7
184 479 12
184 516 9
184 541 13
185 206 11
185 210 11
185 258 10
185 264 7
185 415 11
185 510 7
185 515 13
185 563 8
186 218 9
186 249 4
186 267 9
186 360 8
186 427 9
187 240 9
187 245 5
187 265 10
187 275 5
187 318 6
187 409 9
187 447 12
187 469 11
187 493 12
187 517 6
188 217 7
188 252 7
188 294 9
188 345 13
188 351 5
188 416 8
188 421 8
188 451 8
188 470 8
189 306 7
189 311 9
189 350 10
189 383 9
189 451 5
189 464 8
189 511 8
190 242 9
190 302 11
190 316 8
190 335 13
190 387 7
190 405 8
190 481 10
190 503 9
190 530 7
191 216 6
191 239 12
191 327 11
191 388 7
191 438 10
191 439 8
191 454 8
191 463 7
191 502 7
191 533 7
191 537 9
193 207 6
193 413 12
193 506 11
193 554 10
193 558 10
195 228 8
195 292 8
195 386 8
195 435 13
195 496 13
195 512 10
195 542 6
196 269 12
196 285 12
196 293 10
196 323 11
196 357 10
196 398 10
196 404 7
196 430 8
196 476 13
196 553 11
196 555 12
197 215 9
197 256 10
197 477 7
197 482 10
197 502 10
197 513 9
198 202 11
198 254 10
198 262 10
198 275 10
198 278 10
198 401 11
198 445 12
198 492 13
199 281 12
199 283 9
199 303 5
199 367 7
199 434 7
199 488 9
199 518 7
200 354 11
201 205 4
201 368 9
201 410 8
201 491 12
201 497 11
202 208 10
202 231 8
202 254 13
202 262 13
202 263 9
202 401 9
202 442 11
202 445 10
202 492 12
203 370 9
203 565 11
205 230 6
205 519 13
206 210 9
206 258 8
206 260 8
206 264 9
206 354 8
206 415 9
206 515 11
207 235 10
207 274 8
207 342 10
207 460 10
207 506 8
207 557 6
207 558 9
208 231 12
208 254 11
208 262 11
208 371 7
208 442 8
208 492 8
208 567 4
209 248 7
209 307 13
209 332 7
209 362 10
209 385 11
209 403 10
209 458 11
209 459 9
209 495 9
209 544 11
210 258 12
210 264 6
210 352 8
210 415 14
210 473 8
210 510 10
210 515 10
210 563 11
211 238 9
211 303 12
211 322 13
211 366 9
211 367 11
211 500 9
211 518 10
211 534 13
211 566 12
212 217 5
212 282 9
212 287 9
212 347 4
212 351 11
212 395 4
212 400 10
212 489 11
212 530 4
212 531 12
212 532 8
213 353 10
214 364 10
214 490 10
215 256 9
215 299 9
215 477 11
215 482 9
215 502 8
216 279 10
216 327 7
216 388 11
216 438 8
216 439 11
216 466 4
216 533 11
216 546 7
217 282 8
217 287 3
217 294 10
217 328 8
217 345 6
217 351 7
217 416 10
217 446 9
217 453 9
218 227 12
218 246 9
218 267 5
218 270 7
218 321 11
218 339 8
218 391 12
218 547 10
219 251 11
219 253 10
219 255 12
219 257 10
219 301 12
219 324 12
219 374 11
219 450 11
220 273 11
221 222 8
221 225 9
221 241 9
221 309 13
221 424 10
221 443 8
221 484 9
221 524 11
221 527 8
221 545 8
222 241 9
222 309 9
222 375 6
222 378 9
222 397 10
222 465 8
222 467 8
222 484 10
222 524 8
222 545 6
223 304 9
223 321 8
223 339 10
223 346 10
223 391 8
223 426 10
223 525 6
223 547 8
223 548 10
223 556 9
224 260 8
224 284 7
224 329 8
224 331 10
224 354 8
224 490 6
225 309 9
225 456 11
225 465 9
225 466 7
225 467 9
225 527 9
226 341 12
226 348 11
226 436 6
226 473 6
226 514 12
227 246 9
227 270 6
227 304 9
227 321 12
227 339 9
227 391 13
227 444 8
227 547 12
228 292 14
228 372 10
228 431 10
228 435 8
228 448 10
228 449 7
228 487 8
228 496 9
228 542 8
228 543 8
229 313 10
229 332 9
229 437 9
229 455 12
229 459 6
229 491 7
229 497 9
229 498 8
229 520 11
230 519 7
231 254 9
231 262 9
231 371 9
231 492 6
231 567 6
232 233 6
232 290 9
232 333 7
232 420 8
232 523 8
232 541 7
232 552 5
232 560 5
232 562 7
233 406 8
233 412 8
233 420 7
233 441 8
233 560 8
233 562 3
234 238 8
234 251 7
234 253 8
234 257 8
234 261 13
234 324 9
234 366 8
234 374 9
234 500 8
234 536 11
234 564 12
234 568 11
235 274 7
235 342 9
235 417 8
235 460 9
235 506 11
235 521 8
235 549 6
235 558 12
236 244 10
236 358 9
236 388 5
236 396 8
236 440 9
236 443 9
236 478 11
236 537 5
236 561 12
237 266 14
237 340 14
237 353 13
237 369 14
237 504 13
237 522 12
238 261 8
238 303 9
238 322 9
238 366 13
238 367 7
238 500 14
238 534 9
238 536 10
238 564 10
238 566 11
238 568 9
239 327 10
239 386 5
239 438 9
239 439 6
239 454 10
239 463 9
239 502 6
239 537 9
239 559 8
240 265 13
240 336 12
240 409 11
240 447 11
240 469 11
240 493 11
241 280 8
241 296 7
241 309 10
241 358 7
241 375 9
241 397 6
241 443 6
241 484 12
241 524 10
241 545 10
242 295 8
242 302 9
242 316 11
242 335 9
242 356 10
242 387 7
242 494 11
242 503 11
242 528 9
243 277 9
243 290 9
243 334 5
243 349 10
243 381 11
243 412 7
243 420 5
243 441 7
243 479 10
243 516 12
243 560 8
244 358 10
244 424 9
244 440 8
244 443 12
244 478 11
244 524 7
244 545 8
244 546 6
244 561 12
245 344 5
245 390 8
245 433 6
245 452 12
245 517 7
246 267 8
246 270 11
246 321 8
246 391 9
246 535 7
246 547 7
246 551 7
247 362 9
247 385 8
247 544 8
248 307 6
248 332 11
248 437 10
248 455 10
248 497 8
248 520 8
249 267 5
249 427 7
249 428 5
250 252 6
250 305 11
250 306 6
250 311 8
250 334 10
250 349 4
250 350 6
250 423 6
250 464 13
250 516 4
250 538 11
251 301 11
251 324 11
251 374 12
251 394 12
251 450 14
251 565 11
252 305 4
252 345 7
252 421 11
252 464 6
252 470 9
253 255 12
253 257 14
253 261 9
253 301 8
253 324 11
253 338 8
253 374 9
253 568 7
254 262 14
254 263 8
254 371 4
254 442 10
254 445 9
254 492 11
255 257 12
255 301 10
255 324 10
255 338 8
255 374 9
256 299 6
256 436 9
256 477 11
256 482 14
256 502 6
256 513 9
257 261 9
257 301 8
257 324 11
257 338 8
257 374 9
257 568 7
258 352 7
258 415 12
258 473 8
258 510 10
258 515 9
258 563 11
260 264 7
260 284 7
260 331 7
260 354 12
260 364 4
261 324 8
261 366 8
261 374 8
261 500 8
261 536 12
261 564 12
261 568 12
262 263 8
262 371 4
262 442 10
262 445 9
262 492 11
263 275 11
263 336 8
263 401 12
263 409 9
263 442 12
263 445 12
264 284 7
264 330 8
264 407 8
264 415 6
264 480 7
264 515 7
265 318 6
265 336 11
265 447 12
265 469 12
265 493 12
266 340 14
266 353 13
266 369 14
266 504 13
267 270 9
267 427 12
267 475 9
267 508 8
267 535 9
267 551 10
268 280 8
268 296 10
268 365 11
268 375 10
268 378 7
268 379 12
268 397 9
268 483 10
268 495 3
269 285 14
269 288 9
269 293 12
269 323 10
269 337 9
269 357 12
269 398 11
269 404 9
269 430 10
269 476 12
269 553 12
269 555 13
270 297 9
270 321 5
270 391 6
270 475 6
270 508 8
270 535 10
270 551 10
271 396 11
271 440 11
272 277 10
272 290 10
272 343 6
272 355 11
272 381 7
272 382 6
272 389 10
272 420 8
272 479 8
272 541 9
273 370 9
274 342 12
274 417 11
274 460 11
274 468 9
274 471 8
274 525 9
274 549 12
274 557 7
275 336 7
275 401 13
275 409 10
275 442 9
275 445 12
275 492 9
277 290 12
277 314 10
277 349 9
277 355 8
277 389 8
277 420 7
277 479 11
277 516 8
277 541 13
278 390 8
278 492 9
279 388 9
279 439 8
279 466 7
279 478 7
279 527 7
279 533 7
279 546 11
280 296 12
280 358 7
280 375 11
280 379 10
280 396 8
280 440 7
280 484 7
280 529 13
280 545 7
281 283 7
281 303 7
281 367 8
281 488 11
281 518 7
282 298 8
282 351 11
282 470 5
282 489 10
282 531 9
283 344 7
283 434 12
283 499 10
283 518 4
284 329 6
284 330 9
284 331 10
284 364 11
284 407 6
284 480 5
284 490 7
285 288 9
285 293 12
285 323 10
285 337 9
285 357 12
285 398 11
285 404 9
285 430 10
285 476 12
285 553 12
285 555 13
286 295 10
286 316 5
286 326 11
286 356 6
286 361 6
286 363 5
286 419 10
286 486 9
286 503 5
287 347 8
287 395 8
287 400 8
287 481 6
287 489 7
287 530 9
287 531 8
288 293 11
288 337 14
288 357 10
288 363 11
288 404 13
288 419 8
288 430 12
289 333 12
289 355 10
289 389 10
289 523 12
289 552 10
289 562 11
290 349 8
290 355 8
290 389 8
290 420 8
290 479 10
290 516 8
290 541 12
290 560 8
291 386 9
292 372 10
292 431 10
292 435 8
292 448 10
292 449 7
292 487 8
292 496 9
292 542 8
292 543 8
293 323 10
293 337 11
293 357 13
293 363 10
293 398 13
293 404 11
293 430 12
293 476 10
293 553 12
293 555 12
294 328 11
294 345 9
294 416 13
294 446 12
294 451 10
294 453 10
294 507 9
295 316 9
295 326 7
295 356 9
295 419 8
295 503 9
296 365 8
296 375 11
296 379 12
296 529 13
297 508 7
297 535 9
297 551 9
298 400 11
298 472 5
298 489 12
298 531 13
299 312 8
299 422 10
299 449 9
299 477 9
299 482 6
299 487 7
299 542 9
299 543 9
300 304 12
300 321 8
300 346 12
300 377 13
300 444 13
300 547 9
300 548 12
300 556 11
300 557 7
301 324 10
301 394 12
301 450 11
302 316 10
302 335 11
302 356 9
302 405 8
302 474 9
302 481 7
302 494 9
302 503 11
303 322 12
303 366 9
303 367 12
303 488 8
303 500 9
303 518 10
303 534 11
303 566 12
304 321 9
304 339 7
304 346 10
304 377 11
304 391 8
304 426 6
304 444 13
304 547 11
304 548 10
304 556 10
305 306 8
305 311 9
305 334 10
305 349 7
305 423 8
305 464 10
305 516 7
305 538 12
305 560 7
306 311 12
306 423 12
306 464 7
306 479 7
306 511 11
306 538 8
306 560 9
307 362 10
307 385 11
307 403 9
307 458 11
307 459 8
307 483 3
307 495 10
307 544 11
308 319 12
308 359 12
308 392 9
308 413 7
308 505 11
308 526 10
308 554 9
309 397 5
309 424 9
309 443 7
309 484 10
309 524 11
309 527 7
309 545 8
310 365 8
310 408 3
310 465 7
310 467 7
310 483 8
310 495 6
310 519 6
311 314 6
311 349 7
311 350 6
311 423 10
311 464 9
311 511 11
311 538 9
311 560 7
312 341 8
312 422 9
312 431 9
312 448 10
312 449 12
312 487 12
312 501 8
312 514 9
312 543 11
313 323 5
313 332 9
313 437 9
313 455 8
313 476 5
313 497 6
313 520 10
314 349 11
314 423 10
314 479 11
314 511 8
314 541 10
315 526 12
315 539 13
315 540 13
315 569 14
316 335 8
316 356 13
316 405 9
316 494 10
316 503 11
317 320 8
317 328 9
317 387 7
317 405 5
317 432 10
317 446 8
317 507 10
318 447 7
318 469 7
318 493 7
318 517 12
319 359 14
319 392 11
319 413 9
319 505 13
319 521 8
319 554 11
320 405 11
320 432 11
320 494 10
321 339 10
321 391 12
321 426 5
321 547 12
322 366 8
322 367 11
322 500 9
322 518 10
322 534 13
322 566 11
323 357 11
323 361 9
323 363 8
323 398 11
323 404 9
323 430 10
323 476 12
323 553 11
324 374 12
324 450 11
324 536 6
324 564 7
324 568 6
325 347 7
325 384 9
325 402 13
325 410 6
325 486 5
325 528 3
326 337 7
326 361 8
326 363 8
326 404 7
326 419 11
326 430 6
326 486 8
326 528 2
327 388 9
327 438 13
327 439 9
327 454 8
327 463 9
327 537 11
328 387 4
328 416 11
328 432 5
328 446 12
328 451 9
328 453 10
328 507 12
329 331 10
329 364 6
329 371 8
329 490 11
329 567 12
330 364 10
330 407 11
330 480 10
330 509 10
331 354 5
331 364 8
331 490 9
331 567 8
332 403 8
332 437 13
332 455 9
332 459 10
332 520 9
333 343 11
333 355 9
333 382 9
333 389 9
333 429 8
333 523 13
333 552 12
333 562 13
334 381 4
334 399 8
334 441 4
334 464 9
334 516 6
334 538 10
335 387 8
335 405 8
335 481 10
335 503 9
336 401 7
336 409 11
336 442 7
336 447 9
336 469 9
336 493 9
337 357 10
337 363 11
337 398 10
337 404 13
337 419 8
337 430 12
339 391 10
339 426 9
339 468 7
339 471 7
339 525 7
339 547 9
340 353 13
340 369 14
340 504 13
340 522 12
341 348 10
341 436 7
341 477 5
341 482 4
341 501 7
341 514 12
342 417 11
342 460 11
342 468 7
342 506 6
342 525 7
342 549 10
343 355 8
343 382 12
343 429 8
343 475 6
343 523 11
343 552 12
343 562 10
344 433 9
344 434 7
344 452 7
344 518 4
345 350 7
345 416 8
345 421 8
345 451 9
345 470 7
346 377 13
346 444 11
346 548 14
346 556 13
346 557 9
347 395 12
347 400 7
347 481 7
347 530 10
348 414 10
348 473 7
348 501 10
348 514 12
349 381 8
349 423 10
349 479 11
349 516 12
349 560 10
350 451 7
350 464 7
350 511 5
351 400 7
351 470 4
351 489 11
351 531 10
351 532 11
352 376 10
352 407 9
352 415 8
352 480 10
352 485 5
352 509 10
352 510 9
352 563 7
353 369 13
353 504 12
353 522 11
355 382 8
355 389 13
355 420 7
355 541 7
356 405 9
356 419 5
356 494 9
356 503 10
357 361 9
357 363 10
357 398 13
357 404 11
357 430 12
357 476 10
357 553 13
357 555 12
358 375 5
358 396 11
358 424 6
358 440 12
358 443 9
358 478 8
358 484 7
358 524 7
358 545 11
358 561 10
359 392 11
359 413 9
359 505 13
359 521 8
359 554 11
361 363 12
361 398 10
361 404 11
361 419 7
361 430 11
361 486 5
361 553 9
362 385 13
362 403 10
362 458 12
362 495 8
362 544 13
363 398 10
363 404 12
363 419 9
363 430 12
363 553 9
364 407 7
364 480 7
364 490 8
364 509 7
365 375 8
365 378 7
365 379 9
365 397 9
365 465 7
365 483 12
365 495 4
366 488 6
366 500 13
366 536 10
366 564 10
366 566 11
366 568 10
367 488 8
367 518 12
367 534 10
367 566 10
368 384 9
368 410 11
368 491 11
368 497 7
368 498 8
369 504 13
369 522 12
370 394 9
370 565 9
371 490 6
371 567 10
372 431 10
372 448 10
372 485 7
372 501 9
373 433 8
374 394 10
374 450 12
374 536 6
374 564 7
375 378 9
375 379 11
375 397 8
375 484 9
375 545 7
376 407 8
376 480 9
376 485 9
376 509 9
377 444 12
377 548 13
377 556 12
377 557 8
378 397 10
378 456 6
378 465 7
378 484 9
379 483 8
379 529 11
380 399 10
380 428 10
380 550 14
381 406 8
381 412 9
381 441 9
381 479 9
381 516 10
382 389 8
382 412 3
382 420 7
382 475 5
382 523 9
382 552 10
383 507 8
383 511 5
384 402 9
384 410 10
384 486 7
384 491 6
384 498 5
385 403 11
385 458 13
385 544 14
386 435 9
386 454 8
386 463 7
386 496 7
386 512 12
386 559 10
387 405 9
387 432 11
387 481 6
387 494 9
387 507 4
388 438 10
388 439 12
388 478 6
388 533 10
388 537 6
388 546 7
389 420 7
389 523 9
389 541 7
390 433 4
390 452 7
391 547 11
392 505 12
392 521 11
394 450 12
394 565 10
395 400 7
395 481 9
395 530 12
396 440 13
396 561 8
397 465 10
397 467 10
397 483 8
397 484 7
398 404 11
398 430 12
398 476 10
398 553 13
398 555 12
399 406 7
399 412 8
399 428 10
399 441 8
400 489 10
400 530 5
400 531 11
400 532 7
401 409 9
401 442 10
401 445 13
401 492 10
402 410 6
403 437 7
403 458 12
403 459 12
403 544 11
404 419 8
404 430 13
405 432 8
405 494 13
406 412 13
406 420 9
406 428 9
406 441 13
407 480 13
407 509 13
408 437 10
408 495 6
409 445 8
409 447 9
409 469 9
409 493 9
410 491 10
410 498 8
411 421 12
411 457 7
411 470 10
412 420 8
412 428 10
412 441 13
412 516 5
413 505 10
413 506 9
413 521 11
413 554 12
413 558 8
414 431 8
414 473 5
414 501 13
414 510 3
414 514 9
415 473 8
415 510 10
415 515 10
415 563 11
416 446 12
416 451 10
416 453 11
416 457 6
416 507 9
417 425 8
417 460 10
417 468 9
417 471 8
417 525 9
417 549 12
417 558 6
418 461 12
420 552 4
421 457 9
421 470 11
422 449 11
422 542 12
422 543 12
423 479 9
423 511 10
423 516 8
423 538 8
423 541 7
423 560 10
424 443 10
424 484 8
424 524 11
424 545 8
424 546 7
425 468 13
425 471 14
425 525 13
425 549 10
426 468 9
426 471 9
426 525 9
426 547 6
426 548 7
426 549 7
426 556 7
427 475 8
428 441 10
428 550 10
429 475 9
429 508 9
429 523 8
429 535 8
429 551 7
429 552 9
429 562 8
430 553 11
431 448 13
431 449 9
431 487 11
431 501 9
431 543 10
432 494 8
432 507 6
433 452 7
434 499 12
435 454 4
435 496 12
435 512 11
436 477 7
436 482 9
436 513 8
437 455 9
437 459 9
437 520 9
438 439 10
438 454 7
438 537 10
439 502 6
439 533 11
439 546 6
440 478 7
440 545 9
440 561 9
442 445 10
443 478 10
443 524 9
443 545 9
443 561 10
444 547 10
444 548 11
444 556 11
445 492 11
446 451 11
446 453 10
446 507 11
447 469 13
447 493 13
447 517 5
448 449 10
448 487 12
448 501 8
448 542 9
448 543 11
449 487 12
449 514 7
449 542 11
449 543 13
450 565 11
451 453 8
453 507 8
454 463 12
454 512 7
454 537 10
454 559 12
455 491 7
455 497 11
455 498 7
455 520 11
456 465 8
456 467 8
456 524 8
456 527 9
456 546 5
457 470 10
457 532 8
458 459 10
458 495 8
458 544 13
459 544 9
460 549 9
460 556 4
460 557 8
460 558 7
463 512 6
463 537 11
463 559 11
464 538 10
465 467 14
465 483 6
466 527 11
468 471 13
468 525 14
468 549 11
469 493 13
469 517 5
471 525 13
471 549 10
472 474 6
473 501 4
473 510 9
473 515 6
473 563 11
475 508 11
475 535 10
475 551 10
475 552 6
476 553 11
476 555 12
477 482 11
477 502 6
478 561 11
479 516 10
479 541 11
479 560 9
480 509 13
481 530 11
482 502 6
482 513 9
483 495 6
484 524 10
484 545 10
485 510 6
487 501 8
487 514 8
487 542 9
487 543 12
488 518 7
488 566 7
488 568 5
489 531 13
489 532 10
490 567 10
491 497 10
491 498 10
493 517 5
494 503 8
495 544 8
496 512 9
497 498 8
497 520 10
498 520 8
499 517 6
500 534 9
500 536 10
500 564 10
500 566 11
500 568 9
501 514 9
502 533 7
503 528 9
504 522 13
505 521 9
505 554 12
506 521 10
506 554 7
506 558 13
508 535 12
508 551 12
510 563 12
512 559 9
515 563 7
516 560 9
518 534 10
518 566 8
521 554 9
521 558 9
523 552 11
523 562 12
524 545 10
525 549 11
526 569 12
527 546 8
531 532 9
534 566 11
535 551 13
536 564 12
536 566 7
536 568 11
537 559 8
538 560 8
539 540 14
539 569 13
540 569 13
542 543 11
545 561 7
547 548 7
548 556 13
548 557 9
552 562 12
553 555 13
556 557 9
564 568 10
566 568 7
