1 41 5
1 46 4
1 141 6
1 185 6
3 11 3
3 30 5
3 48 3
3 63 4
3 84 4
3 189 6
3 210 3
5 69 7
5 87 6
5 161 6
5 165 6
6 8 3
6 20 4
6 120 3
6 192 3
6 213 2
7 45 5
7 59 6
7 62 6
8 20 4
8 188 5
8 192 6
9 55 7
9 66 6
9 108 4
9 128 7
9 163 4
9 170 4
9 194 7
9 207 6
10 60 6
10 74 6
10 100 6
10 160 5
11 29 2
11 30 4
11 48 4
11 182 2
11 189 3
11 201 3
12 120 3
13 21 6
13 65 4
13 70 5
13 75 7
13 93 5
13 96 6
13 162 4
14 64 6
14 65 4
14 83 5
14 139 5
14 152 5
14 162 3
14 166 6
14 173 7
15 56 4
15 107 1
15 146 3
16 34 5
16 76 5
16 102 5
16 182 7
16 201 6
17 28 7
17 91 7
17 97 7
17 104 7
17 105 7
17 114 7
17 133 7
17 186 7
18 36 2
18 51 2
18 122 2
18 132 2
19 90 5
19 110 6
19 125 6
19 135 6
19 144 3
19 184 5
19 190 6
19 195 4
20 121 3
20 192 5
20 213 2
21 70 6
21 75 6
21 93 6
21 96 6
22 87 5
22 153 3
22 161 6
22 165 6
22 179 1
23 67 3
23 168 2
23 196 4
24 30 3
24 48 3
24 52 1
24 72 3
24 154 3
24 169 2
24 206 3
24 210 3
25 98 4
25 117 4
25 158 5
26 44 4
26 82 3
26 198 5
27 107 4
27 211 6
28 91 7
28 97 7
28 104 7
28 105 7
28 114 7
28 133 7
28 186 7
29 43 2
29 140 3
29 145 4
29 169 2
29 181 2
29 182 2
30 48 4
30 189 4
30 206 4
30 210 5
31 36 3
31 37 3
31 54 3
31 131 4
31 132 4
31 138 4
31 197 3
31 200 3
32 67 3
32 109 6
32 116 5
32 183 6
32 191 6
32 203 6
32 205 5
34 76 6
34 102 6
34 182 5
34 201 5
35 49 2
35 80 5
35 89 5
35 99 3
35 126 3
35 178 5
36 37 3
36 39 3
36 122 5
36 132 4
36 199 5
37 39 4
37 138 5
37 200 6
38 120 3
39 122 2
39 200 3
40 149 3
41 46 3
41 81 4
41 134 4
41 156 5
41 185 6
41 187 4
42 52 1
42 78 4
42 136 4
43 107 4
43 131 4
43 138 5
43 140 6
43 181 6
43 197 4
43 200 4
44 99 1
45 59 4
45 62 5
45 113 2
46 130 4
46 134 3
46 141 5
46 167 3
46 209 3
47 118 4
48 72 4
48 154 3
48 160 3
48 189 3
49 63 2
49 79 4
49 84 3
49 89 3
49 171 2
49 178 3
49 189 2
50 52 5
50 63 3
50 171 1
50 189 3
50 206 5
51 77 3
51 130 6
52 78 1
52 206 4
53 82 4
53 136 1
53 137 5
53 169 3
54 131 6
54 145 3
54 197 5
54 198 4
55 66 6
55 128 7
55 170 4
55 194 7
55 207 6
56 88 2
56 107 2
56 146 4
57 103 2
58 96 2
58 113 2
58 139 4
58 162 4
59 62 6
60 72 5
60 74 6
60 100 6
60 150 6
60 160 5
61 86 3
61 175 2
62 113 2
63 84 4
63 155 5
63 189 4
63 206 4
63 210 4
64 65 3
64 83 6
64 139 4
64 152 6
64 166 7
64 173 6
64 177 6
65 75 4
65 139 5
65 162 5
65 173 4
66 128 6
66 194 6
66 207 5
67 109 3
67 116 3
67 191 3
67 196 5
68 83 6
68 152 6
68 177 6
70 75 5
70 93 7
70 96 6
71 94 6
71 117 5
71 148 5
71 176 6
71 193 6
71 214 7
72 74 4
72 150 6
72 154 3
72 160 4
73 98 0
73 195 1
74 100 6
74 150 5
74 160 5
75 93 5
75 96 6
76 102 6
76 182 5
76 201 5
77 130 3
77 134 5
78 204 2
79 80 4
79 84 1
79 89 6
79 178 6
80 81 3
80 89 5
80 99 3
80 156 3
80 178 5
80 209 3
81 89 3
81 141 3
81 156 6
81 178 3
81 185 4
81 187 3
82 136 1
82 137 5
82 154 2
82 169 3
82 198 2
83 152 7
83 166 6
83 173 5
83 177 7
84 155 4
84 189 4
84 202 4
85 179 5
86 147 3
86 175 6
87 153 4
87 161 6
87 165 6
88 146 2
88 187 2
89 156 3
89 178 7
89 204 4
90 98 1
90 125 4
90 135 5
90 184 6
90 190 5
90 195 5
91 97 7
91 104 7
91 105 7
91 114 7
91 133 7
91 186 7
92 121 3
92 134 3
92 204 1
93 96 6
93 162 3
94 117 5
94 148 5
94 193 7
94 214 6
95 108 7
95 112 6
95 157 4
95 163 7
95 170 6
96 139 2
96 162 4
97 104 7
97 105 7
97 114 7
97 133 7
97 186 7
98 148 4
99 181 1
100 150 5
100 160 5
101 208 2
101 212 5
102 182 5
102 201 5
104 105 7
104 114 7
104 133 7
104 186 7
105 114 7
105 133 7
105 186 7
106 164 7
108 112 6
108 157 4
108 163 7
108 170 6
108 194 4
108 207 5
109 116 4
109 142 3
109 183 7
109 191 7
109 203 7
109 205 4
110 119 5
110 125 6
110 135 5
110 144 4
110 190 5
111 120 4
112 157 5
112 163 6
112 170 6
113 142 3
114 133 7
114 186 7
115 146 3
115 168 4
115 171 2
115 187 4
116 155 2
116 202 2
116 203 4
116 205 4
117 148 6
117 158 4
117 193 5
117 214 5
118 151 1
119 125 6
119 144 4
119 180 5
121 202 2
122 132 5
123 124 6
125 135 5
125 144 4
125 184 4
125 195 4
126 130 2
126 167 4
126 209 5
128 194 7
130 167 4
130 209 3
131 138 5
131 140 4
131 197 6
131 198 3
132 199 3
133 186 7
134 141 5
134 156 3
134 185 5
135 153 5
135 184 5
135 190 7
135 195 4
137 154 3
137 169 4
138 140 5
138 181 5
138 197 5
138 200 6
139 162 5
139 166 4
139 173 5
140 145 2
140 181 6
140 197 4
140 200 4
141 167 2
141 185 6
142 143 7
142 175 2
142 183 3
142 191 3
142 203 3
145 182 2
145 198 3
145 208 3
146 168 3
147 175 3
148 158 3
148 193 5
148 214 5
150 154 3
152 166 6
152 173 5
152 177 7
153 190 5
155 202 3
155 210 4
156 178 3
156 185 4
156 187 3
157 163 4
157 170 4
161 165 6
162 173 3
163 170 6
163 194 4
163 207 5
166 173 6
166 177 6
167 209 5
169 210 2
170 194 4
171 187 3
176 214 6
178 204 4
180 184 6
180 195 6
181 197 4
181 200 4
182 201 6
183 191 7
183 203 7
183 205 4
184 190 5
184 195 6
185 187 4
188 192 4
191 203 7
193 214 6
194 207 6
197 198 3
203 205 4
206 210 4
