2 3 4
2 79 7
2 120 6
3 74 4
3 79 4
3 82 5
3 87 4
4 27 3
4 60 5
4 83 4
4 86 6
4 114 6
4 121 4
4 123 3
4 135 6
4 148 5
4 149 4
5 7 6
5 8 1
5 59 6
5 82 3
5 83 5
5 87 4
5 123 1
5 135 4
6 11 5
6 80 5
6 122 8
6 138 7
6 140 6
6 143 4
7 8 3
7 59 7
7 83 5
7 137 2
8 137 7
9 37 4
9 72 4
9 118 5
9 134 6
10 12 4
10 14 5
10 26 7
10 28 8
10 30 4
10 33 5
10 58 8
10 92 3
10 156 6
11 13 7
11 90 8
11 95 3
11 122 5
11 139 7
11 140 5
11 143 4
12 17 5
12 23 5
12 24 8
12 26 4
12 28 4
12 31 4
12 35 5
12 38 6
12 58 5
13 95 3
13 139 6
13 143 4
14 15 3
14 16 6
14 28 5
14 32 4
14 92 5
14 143 3
15 16 5
15 17 5
15 29 6
15 32 6
15 34 8
15 42 7
16 28 6
16 32 7
16 42 3
17 24 5
17 31 6
17 32 5
17 35 7
17 41 7
17 42 6
18 39 7
18 40 7
18 64 7
18 152 7
18 163 8
19 37 4
19 50 4
19 61 3
19 66 3
19 162 3
20 21 2
20 126 4
20 144 3
20 151 5
21 23 4
21 126 3
21 127 4
23 24 5
23 35 5
23 38 6
23 41 5
23 127 6
23 155 5
24 26 4
24 28 3
24 31 5
24 33 6
24 35 5
24 38 7
24 58 5
25 36 7
25 43 6
25 60 5
25 125 7
25 142 5
25 148 5
25 154 6
25 157 5
26 28 6
26 30 5
26 33 5
26 41 2
26 58 7
26 127 4
26 156 7
27 36 7
27 43 6
27 86 4
27 148 6
27 149 8
27 154 6
27 157 5
28 30 4
28 58 7
28 92 4
28 156 5
29 31 5
29 34 5
29 35 5
29 42 6
30 36 3
30 43 4
30 58 4
30 125 4
30 127 3
30 149 3
30 156 6
31 33 4
31 35 8
31 38 6
31 41 7
31 42 5
31 45 7
32 42 5
33 38 5
33 45 3
33 57 4
33 58 6
34 42 7
34 95 3
35 38 6
35 41 8
35 45 7
36 43 8
36 47 4
36 125 5
36 148 5
36 149 6
36 154 6
36 157 7
37 46 5
37 50 6
37 62 7
37 72 1
37 159 5
37 160 5
38 41 6
38 42 3
38 58 4
39 40 9
39 44 6
39 48 7
39 51 6
39 64 9
39 152 8
39 158 7
39 163 8
40 44 6
40 48 7
40 51 6
40 64 9
40 152 8
40 158 7
40 163 8
41 42 4
41 45 7
43 47 5
43 125 5
43 148 4
43 149 5
43 156 1
43 157 6
44 48 8
44 49 5
44 51 8
44 63 6
44 64 6
44 65 5
44 66 4
44 158 8
45 145 3
46 50 7
46 52 5
46 66 2
46 97 3
46 159 7
46 160 7
46 161 7
46 188 5
47 145 2
47 155 2
47 157 3
47 188 3
48 51 7
48 63 5
48 64 7
48 66 4
48 152 7
48 158 9
49 51 5
49 63 8
49 65 8
49 67 8
49 68 8
49 69 8
49 70 9
50 52 5
50 96 5
50 159 8
50 160 8
50 161 7
50 188 6
51 63 6
51 64 6
51 65 5
51 70 5
51 158 7
52 91 3
52 97 6
52 161 7
52 188 6
53 54 7
53 55 7
53 100 5
54 55 9
54 100 7
54 101 3
55 100 7
55 101 3
55 145 4
56 98 3
56 101 6
56 102 6
56 103 7
57 137 4
57 142 4
58 92 2
58 156 7
59 83 5
59 135 5
60 83 4
60 114 4
60 125 5
60 135 4
60 142 3
60 148 5
60 149 4
60 154 4
61 147 6
61 153 7
61 162 8
63 65 8
63 66 5
63 67 7
63 69 7
63 70 8
63 158 5
64 152 8
64 158 7
64 163 8
65 66 4
65 67 8
65 68 8
65 69 8
65 70 8
65 158 4
66 69 3
66 158 4
67 68 9
67 69 9
67 70 8
68 69 9
68 70 8
69 70 8
71 85 5
72 134 7
73 74 3
73 75 8
73 76 8
73 78 7
73 82 4
73 84 7
73 140 6
74 82 4
74 84 3
74 88 4
74 123 5
74 141 3
75 76 9
75 78 7
75 82 3
75 84 6
75 89 5
75 122 6
75 138 6
75 139 5
75 140 7
76 78 7
76 82 3
76 84 6
76 89 5
76 122 6
76 138 6
76 139 5
76 140 7
77 88 6
77 116 3
77 119 7
77 120 6
77 124 6
77 141 7
78 84 8
78 89 6
78 122 6
78 123 2
78 138 6
78 140 6
78 144 4
80 81 7
80 90 4
80 144 5
81 144 7
82 87 7
82 94 3
83 88 2
83 123 4
83 135 6
83 148 3
83 154 2
84 89 6
84 122 5
84 123 3
84 138 5
84 144 4
86 88 4
86 123 4
86 141 4
86 148 6
86 149 5
86 154 5
87 94 5
88 119 6
88 120 7
88 123 4
88 124 8
88 141 8
89 92 3
89 122 6
89 123 2
89 138 7
89 143 4
90 139 6
91 97 6
91 146 6
92 94 2
92 95 2
92 138 2
92 143 5
93 94 4
95 139 3
96 157 4
96 159 6
96 160 5
96 161 5
96 188 4
97 161 4
99 100 2
99 101 4
100 101 5
100 145 5
104 105 7
106 111 8
106 112 8
106 113 7
106 132 4
106 166 3
106 167 3
106 174 5
107 108 7
108 111 6
108 112 6
108 113 7
109 110 7
109 131 7
109 170 7
109 171 7
109 174 5
109 176 7
109 183 7
109 184 8
110 168 9
110 169 4
110 170 9
110 176 9
110 184 8
111 112 9
111 113 7
112 113 7
113 132 5
113 174 6
114 116 6
114 117 4
114 121 4
114 133 6
114 135 6
115 116 7
115 117 6
115 121 6
115 133 7
115 136 6
116 117 7
116 121 6
116 133 8
116 136 6
117 121 6
117 133 7
117 136 7
118 134 5
119 120 6
119 124 6
119 141 7
120 124 6
120 141 6
121 136 6
122 138 8
122 140 7
122 143 4
124 141 8
125 127 1
125 142 5
125 149 6
126 146 4
126 151 4
126 155 4
127 155 5
128 129 7
128 130 5
128 165 6
128 177 6
128 178 7
128 179 6
128 180 6
129 165 7
129 175 7
129 177 7
129 178 7
129 179 7
129 180 7
130 131 3
130 165 6
130 175 6
130 182 2
131 170 5
131 171 6
131 174 5
131 176 5
131 182 2
131 183 6
132 171 7
132 174 8
133 135 3
133 136 6
136 146 1
137 142 4
138 140 6
138 143 4
139 140 6
144 151 2
146 155 5
147 153 7
147 162 5
148 149 7
148 154 8
149 154 6
152 158 7
152 163 8
153 162 7
154 157 6
157 188 4
159 160 8
159 161 7
159 188 6
160 161 7
161 188 7
164 187 6
165 175 9
166 167 8
168 169 4
168 170 9
168 171 7
168 174 6
168 176 9
168 184 8
169 170 4
169 176 4
170 171 7
170 174 6
170 176 9
170 183 5
170 184 8
171 174 7
171 176 7
171 183 6
171 184 7
172 173 9
174 176 6
176 183 5
176 184 8
177 178 8
177 179 7
177 180 7
178 179 7
178 180 7
179 180 8
179 191 7
180 191 7
182 183 3
183 184 6
186 187 4
189 190 4
192 193 7
192 196 7
192 198 9
192 199 7
192 200 9
192 201 5
192 203 8
192 205 8
192 207 1
192 209 7
193 196 9
193 197 8
193 198 7
193 199 9
193 200 7
193 203 6
193 205 6
193 209 9
193 210 8
194 195 9
194 204 8
194 205 2
194 206 9
194 207 9
194 211 8
194 212 8
194 213 8
194 214 8
195 204 8
195 206 9
195 207 9
195 211 8
195 212 8
195 213 8
195 214 8
196 197 8
196 198 7
196 199 9
196 200 7
196 203 6
196 205 6
196 209 9
196 210 8
197 199 8
197 209 8
197 210 9
198 199 7
198 200 9
198 201 5
198 203 8
198 205 8
198 209 7
199 200 7
199 203 6
199 205 6
199 209 9
199 210 8
200 201 5
200 203 8
200 205 8
200 209 7
201 203 5
201 205 6
201 211 5
203 205 8
204 206 8
204 207 8
204 211 9
204 212 8
204 213 8
204 214 8
205 207 2
206 207 9
206 211 8
206 212 8
206 213 8
206 214 8
207 211 8
207 212 8
207 213 8
207 214 8
209 210 8
211 212 8
211 213 8
211 214 8
212 213 9
212 214 9
213 214 9
