1 5 1
1 572 3
1 587 0
1 1986 2
2 5 1
2 14 4
2 21 3
2 591 2
2 1365 2
3 33 1
3 1341 4
3 1650 2
3 1651 2
4 9 3
4 1695 3
5 14 1
5 572 1
5 582 0
6 34 1
6 42 2
6 45 1
6 1663 1
6 1698 1
7 16 1
7 46 1
7 558 2
7 1666 1
7 1697 1
8 11 2
8 30 3
8 1356 2
9 601 2
9 1695 4
10 41 3
10 598 2
10 796 1
10 1361 3
10 1679 2
11 1351 3
11 1657 3
12 16 2
12 37 2
12 556 3
12 1991 2
13 17 0
13 764 2
13 1673 2
13 2013 1
14 21 3
14 1365 2
15 1339 2
15 1651 2
16 37 1
16 558 1
16 1993 2
17 38 2
17 2024 1
18 35 2
18 559 1
18 560 2
18 567 1
18 585 2
19 588 2
19 596 2
19 813 1
19 1669 3
19 1699 1
20 40 2
20 603 2
20 610 1
21 44 0
21 591 2
22 570 3
22 1364 1
23 46 1
23 48 4
23 1347 3
23 1661 3
23 1685 1
24 39 2
24 45 3
24 597 0
25 29 4
25 1359 3
25 1371 3
25 1377 3
26 607 2
26 1352 1
26 1372 1
26 2027 1
27 1343 1
27 1379 0
28 599 2
28 1659 2
28 1985 3
28 2025 3
29 592 1
29 1359 3
29 1371 3
29 1377 3
31 36 2
31 565 1
31 2012 2
32 44 0
32 572 1
32 1986 2
32 1996 1
32 2021 1
33 593 1
33 600 1
33 1341 1
33 1659 1
34 42 2
34 43 1
34 1678 1
35 47 3
35 560 3
35 585 3
35 1676 1
36 565 2
37 556 2
37 2001 2
38 557 2
38 2002 2
38 2024 3
39 45 3
39 1662 2
40 595 1
40 610 2
40 1689 1
40 1995 1
41 598 2
41 796 2
41 1361 2
41 1375 3
42 43 3
42 45 2
43 1660 2
43 1668 2
45 1660 0
46 48 1
46 1697 4
47 560 4
47 585 4
47 594 2
48 1347 3
48 1661 3
49 60 3
49 67 2
49 82 3
49 108 3
50 55 4
50 64 4
50 73 4
50 79 3
50 132 4
51 61 3
51 76 3
51 136 3
51 878 3
52 70 1
52 98 3
52 104 2
54 57 3
54 65 3
54 115 3
55 64 4
55 73 4
55 79 3
55 132 4
56 71 2
56 90 1
56 131 3
56 877 1
57 65 4
57 68 3
57 86 3
57 115 4
58 91 2
58 123 3
59 62 3
59 77 4
59 81 4
59 93 1
60 82 3
61 76 4
61 93 2
61 136 4
61 878 3
62 77 3
62 81 3
63 75 2
63 96 1
63 126 3
63 128 3
63 843 3
64 73 4
64 79 3
64 132 4
65 68 3
65 86 3
65 115 4
66 78 2
66 2061 1
66 2072 1
67 80 2
67 108 3
67 114 3
68 86 4
68 87 3
68 115 3
69 103 3
69 120 3
69 127 2
69 135 3
70 98 2
70 99 1
70 117 2
70 125 1
71 79 2
71 131 1
72 75 3
72 85 2
72 126 3
72 128 3
72 843 3
73 132 4
74 83 4
74 100 4
74 113 4
75 85 2
75 126 3
75 128 3
76 93 2
76 136 4
76 878 3
77 81 4
78 101 2
78 104 3
78 111 2
78 116 1
79 132 3
80 114 2
80 118 2
80 122 2
80 134 1
81 93 1
82 108 3
83 89 3
83 100 4
83 113 4
83 121 2
84 105 4
84 130 4
84 137 4
85 97 1
85 119 2
86 87 3
86 115 3
87 88 4
89 100 3
89 113 3
89 121 3
90 92 2
90 125 2
90 131 1
91 94 3
91 107 2
91 110 2
92 109 3
92 117 3
92 125 4
93 136 2
94 95 3
94 107 3
94 110 3
94 112 2
95 107 3
95 110 3
95 112 3
95 124 4
96 97 3
96 106 2
96 119 3
97 106 2
97 119 3
98 99 3
98 101 2
98 111 2
99 101 3
99 111 3
100 113 4
100 121 2
101 104 2
101 111 4
102 118 4
102 134 2
103 120 4
103 127 3
103 133 3
103 135 3
104 111 2
104 116 2
105 130 4
105 137 4
106 114 1
106 119 2
107 110 4
107 124 3
108 114 2
108 118 1
109 117 3
109 125 3
109 949 1
110 124 3
112 124 3
112 129 2
114 118 2
116 836 2
117 125 3
118 134 2
120 127 3
120 133 3
120 135 3
122 820 2
122 866 1
126 128 4
126 843 4
127 133 4
127 381 3
128 843 4
130 137 4
131 877 2
131 882 2
133 381 3
134 820 1
134 839 1
136 878 3
138 143 1
138 157 2
138 168 3
138 170 4
138 188 4
139 144 3
139 162 1
139 178 4
139 231 2
140 156 4
140 163 3
140 202 4
140 211 3
141 181 4
141 197 3
141 199 2
141 217 2
141 2087 3
142 149 3
142 186 2
142 214 3
142 452 2
143 152 3
143 155 3
143 157 3
143 162 2
144 162 2
144 178 3
144 231 2
145 169 3
145 179 3
145 208 4
146 182 4
146 204 3
146 227 3
147 153 3
147 209 3
148 172 3
148 190 4
148 206 3
148 218 3
148 1287 1
149 186 3
149 204 2
149 227 2
149 452 2
150 164 3
150 187 3
150 222 3
150 223 3
150 963 3
151 176 1
151 200 1
151 205 1
151 226 3
151 229 2
152 155 4
152 162 2
152 221 2
153 173 2
153 175 2
153 198 3
153 209 4
154 187 2
154 1258 3
154 1279 2
155 157 2
155 221 2
156 163 3
156 201 2
156 202 4
156 211 3
157 162 1
157 188 2
158 183 2
158 193 2
158 1257 1
158 1266 2
159 174 2
159 180 2
159 189 3
159 232 2
160 185 4
160 212 4
160 230 4
161 166 2
161 200 1
161 207 1
161 219 2
161 228 3
163 201 2
163 202 3
163 220 3
164 187 3
164 222 4
164 963 4
165 2087 4
166 192 1
166 216 1
166 219 2
166 228 2
167 177 2
167 2074 4
167 2075 4
167 2077 4
168 170 3
168 188 3
168 221 2
169 179 4
169 208 3
169 210 3
170 188 4
171 191 3
171 196 3
171 225 4
172 190 3
172 206 3
172 218 4
173 175 4
173 198 3
174 180 3
174 189 2
175 198 3
176 205 4
176 219 1
176 614 2
176 636 1
177 203 2
177 215 2
177 2074 2
177 2093 2
178 231 2
179 208 3
179 210 3
180 189 2
180 224 2
181 197 3
181 199 2
181 217 2
181 2087 3
182 195 3
182 227 3
183 193 4
183 1252 2
184 2076 3
185 212 4
185 229 0
185 230 4
185 653 1
186 195 3
186 204 3
186 227 2
187 222 3
187 963 3
190 206 3
190 218 3
190 1287 1
191 196 3
191 213 3
191 225 3
192 216 3
193 1252 2
193 1266 2
194 226 4
194 229 3
195 204 3
196 213 2
196 225 3
197 199 2
197 217 3
197 1759 1
198 209 3
199 211 1
200 628 1
201 202 2
201 233 3
201 2078 3
202 211 3
203 207 2
203 215 4
203 216 2
203 2093 3
204 227 3
205 219 1
206 208 1
206 218 3
207 215 2
207 228 2
207 2093 3
210 231 1
212 230 4
212 653 1
213 224 1
213 225 3
213 232 1
214 2076 3
215 216 2
215 2093 3
217 656 1
217 1759 1
218 1262 1
219 228 2
220 659 1
222 963 4
222 1258 1
224 232 3
226 229 3
228 2093 1
233 2078 3
234 248 1
234 253 2
234 294 2
234 334 2
234 373 1
235 383 3
235 1763 3
235 1764 3
235 1766 3
236 278 0
236 325 1
236 345 1
236 352 2
236 699 3
237 274 1
237 285 4
237 298 3
237 342 3
238 243 1
238 271 3
238 613 2
238 622 3
238 626 2
239 251 2
239 272 2
239 371 2
240 331 4
240 389 4
241 247 2
241 292 1
241 317 2
241 353 2
242 393 1
243 271 1
243 1065 0
243 1731 1
243 1751 1
244 358 0
244 1028 0
244 1046 1
245 688 3
245 1018 3
245 1047 2
246 301 2
246 329 4
246 360 3
246 366 3
246 370 4
247 292 3
247 615 1
248 252 2
248 368 0
248 373 3
249 274 3
249 377 3
250 269 3
250 276 3
250 350 1
250 394 2
251 272 4
251 335 2
251 371 4
252 373 2
253 294 4
253 304 2
253 334 4
253 362 3
254 325 4
254 345 4
254 367 4
254 384 3
255 315 3
255 328 3
255 692 2
256 268 1
256 316 1
256 1069 1
257 319 3
257 1030 3
257 1049 3
257 1053 3
258 302 3
258 1055 2
259 275 2
260 290 3
260 297 2
260 321 2
260 387 2
261 338 2
261 339 3
261 1055 2
262 263 3
262 1061 1
263 315 3
263 328 2
263 348 3
263 374 2
264 340 2
264 349 2
264 355 3
264 389 1
265 346 1
265 391 2
266 267 2
266 312 2
266 341 4
267 312 4
267 341 2
268 296 3
268 320 3
268 324 2
268 357 3
269 276 4
269 394 2
270 330 3
270 337 4
270 365 4
270 375 4
270 376 4
271 622 2
271 1748 1
272 335 2
272 371 4
273 293 2
273 314 1
273 380 2
273 1065 1
274 298 2
274 359 2
274 377 4
275 305 3
275 308 2
276 350 2
276 394 2
277 289 2
277 295 3
277 313 1
277 338 1
277 1036 3
278 316 3
278 1021 3
280 348 3
280 374 3
280 1414 0
281 310 3
281 385 4
281 1034 4
281 1057 3
281 1059 4
282 300 3
282 633 3
283 689 2
283 702 3
283 1016 3
283 1054 3
283 1770 4
284 288 1
284 470 1
285 298 3
285 342 3
286 289 2
286 302 1
286 307 3
286 313 3
286 350 2
287 330 3
287 390 3
288 1431 3
289 295 2
289 307 3
289 313 3
290 297 3
290 311 0
290 321 1
290 326 1
291 309 3
291 326 2
291 347 3
293 380 2
293 1744 3
294 304 2
294 334 4
294 362 3
295 1036 3
295 1050 2
296 316 1
296 320 3
296 357 3
297 326 1
298 342 2
298 377 2
299 371 0
300 633 3
301 323 4
301 360 3
301 366 3
301 368 2
302 313 1
302 339 2
303 340 3
303 355 3
304 354 3
304 362 2
304 388 2
305 308 3
306 1049 0
307 313 3
307 350 2
308 320 2
308 324 2
309 326 2
309 347 2
310 385 3
310 1034 3
310 1054 0
310 1059 3
311 369 1
311 387 1
312 341 2
314 378 3
314 1065 4
315 328 3
315 348 3
315 374 2
316 1021 3
317 353 2
318 1413 1
318 1426 2
318 1430 1
319 1030 3
319 1037 0
319 1049 3
319 1053 3
320 324 3
320 357 3
321 372 1
321 387 3
323 360 3
323 366 3
323 368 2
324 357 3
324 1041 3
325 345 4
325 367 4
325 384 3
328 348 2
328 692 3
329 360 3
329 366 3
329 370 4
330 337 3
330 365 3
330 376 3
331 349 3
331 389 4
332 361 3
332 392 3
332 1063 3
333 613 1
333 624 2
333 626 1
333 632 2
333 664 2
334 362 3
335 371 2
335 1028 1
335 1062 1
336 359 1
336 362 0
336 388 2
337 365 4
337 375 4
337 376 4
338 339 1
338 363 0
338 1036 1
339 1055 2
340 355 3
341 369 3
342 349 1
342 389 1
344 1069 2
345 367 4
345 384 3
346 391 1
346 619 2
346 623 2
348 374 3
349 355 1
349 389 3
352 699 2
353 382 1
354 388 2
356 372 3
356 386 0
356 690 2
357 1041 4
358 379 2
358 1067 2
359 377 2
360 366 4
361 363 2
361 392 3
361 1063 3
363 392 3
363 1063 3
364 390 0
365 375 4
365 376 4
367 384 3
374 685 3
375 376 4
378 700 3
378 1065 3
378 1070 2
379 1058 2
379 1067 1
380 1732 1
380 1739 1
381 1055 0
382 643 0
382 1204 0
383 1763 4
383 1764 3
383 1766 4
385 1034 4
385 1057 3
385 1059 4
392 1063 4
395 437 2
395 453 2
396 412 1
396 467 4
396 1460 3
396 1475 3
396 1585 1
397 404 0
397 1527 2
397 1546 2
399 407 3
399 413 3
399 419 3
399 457 3
400 439 3
400 1489 2
400 1506 1
401 462 2
401 474 1
401 478 2
402 465 4
402 1506 4
403 405 1
403 466 1
403 1062 2
404 409 2
404 411 2
405 466 4
406 426 0
406 451 2
406 486 2
406 1000 1
406 1431 0
407 413 4
407 419 3
407 422 0
407 457 2
408 415 3
408 430 0
408 447 3
408 477 3
409 411 3
409 444 4
409 1534 1
410 435 3
410 968 2
410 1383 3
410 1391 3
411 444 3
412 484 2
412 1460 2
412 1463 2
412 1492 2
413 419 3
414 442 3
414 1486 0
414 1542 3
415 447 2
415 464 0
415 477 3
416 423 4
416 429 2
416 475 4
416 487 2
416 493 3
417 420 1
417 428 2
417 1408 1
418 427 4
418 1503 2
418 1519 2
419 457 2
419 483 3
420 428 3
420 445 2
421 422 1
421 426 2
421 474 1
421 1433 1
422 426 1
423 429 2
423 475 4
423 487 2
423 493 3
424 437 2
424 453 2
424 482 3
424 1537 2
424 1554 2
425 430 1
425 439 0
425 1405 0
425 1493 3
425 1504 2
426 457 1
426 463 1
427 1486 2
427 1519 2
428 445 1
429 438 2
429 1408 3
430 490 2
430 1493 2
430 1556 2
431 446 3
432 445 0
432 1448 1
433 461 2
433 476 0
433 491 3
433 1550 2
433 1564 2
434 1462 1
434 1566 1
435 1383 4
435 1391 4
435 1565 3
436 955 2
437 453 2
437 454 4
437 482 2
438 463 1
438 487 2
439 469 2
439 471 1
439 1489 2
440 443 3
440 483 3
441 448 2
441 494 1
442 488 3
442 1443 2
442 1542 4
444 1534 1
447 477 2
448 494 1
450 704 1
451 486 1
451 1000 1
451 1148 1
451 1234 1
452 1454 1
453 489 1
453 1554 1
455 476 0
455 489 3
456 473 0
456 1003 1
457 463 2
458 485 1
458 1395 3
458 1400 3
459 462 0
460 478 1
460 487 3
460 493 3
461 1511 3
461 1550 3
461 1564 4
462 478 1
462 1898 2
464 481 2
464 1540 4
464 1577 3
465 1506 4
467 1460 3
467 1475 3
467 1585 1
468 492 2
468 1452 3
468 1522 2
468 1543 1
468 1585 2
469 490 2
469 1489 2
470 486 3
470 1433 1
471 1405 1
471 1461 0
471 1504 1
472 492 1
472 1555 2
472 1575 2
473 1828 0
474 478 2
475 493 3
476 1534 1
476 1555 1
476 1558 2
477 1512 1
479 488 2
479 1389 3
479 1443 3
479 1454 3
479 1516 3
480 1482 4
480 1520 3
480 1544 2
480 1552 1
480 1574 1
481 490 1
481 1512 1
482 489 2
484 1402 2
484 1407 3
484 1492 4
485 1433 2
486 1433 1
487 493 3
488 1443 3
488 1516 3
488 1542 3
489 1528 1
490 1493 2
491 1536 3
495 503 4
495 541 1
496 502 3
496 508 3
496 528 3
496 551 3
496 554 4
497 499 2
497 511 2
497 539 2
497 541 1
498 505 2
498 535 2
498 542 2
498 545 4
498 1939 2
499 511 4
499 539 3
499 1942 3
499 1967 3
500 509 2
500 519 2
500 544 2
500 1926 3
501 514 2
501 547 1
502 508 4
502 528 3
502 553 2
502 554 3
503 510 1
503 523 1
503 541 1
504 526 4
504 552 4
504 1954 3
505 515 2
505 535 4
505 537 2
505 545 2
506 514 1
506 524 4
506 1930 1
507 518 2
507 525 2
507 531 1
507 546 2
507 1597 0
508 528 3
508 553 2
508 554 3
509 519 3
509 520 3
509 549 1
509 1920 2
510 523 4
510 1911 3
510 1955 3
510 1971 3
511 539 3
511 1942 3
511 1967 3
512 516 2
512 517 3
512 555 3
513 522 3
513 528 0
513 530 3
513 549 2
514 524 1
515 535 2
515 537 4
515 1948 2
516 517 2
516 555 2
517 547 1
517 555 3
518 525 3
518 536 4
518 546 3
519 520 3
519 530 2
520 530 2
520 549 2
520 1920 1
521 532 4
521 543 1
521 720 1
522 530 4
522 549 3
523 1911 3
523 1955 3
523 1971 3
524 1930 1
525 536 3
525 546 3
526 552 4
526 1948 3
526 1954 3
527 540 3
527 1910 2
527 1932 4
528 554 3
529 1617 3
530 549 3
531 729 2
531 755 3
532 533 1
532 543 1
533 546 0
533 751 2
533 1604 2
534 548 2
534 550 1
535 537 2
535 545 2
536 546 3
537 552 1
537 1948 2
538 539 0
538 541 0
538 550 0
538 1949 2
538 1953 2
539 1942 2
540 1928 2
540 1932 3
541 1957 1
542 545 2
544 1920 3
544 1926 3
544 1950 3
545 1939 2
547 555 1
547 1968 1
551 554 3
552 1948 3
552 1954 3
555 1964 0
557 576 2
557 2002 4
557 2020 3
557 2024 3
558 601 2
558 1666 3
559 567 3
559 607 2
559 1352 3
559 1672 2
560 585 4
560 594 2
561 609 2
561 764 3
561 1346 1
561 1673 2
562 573 1
562 582 2
563 605 4
563 1657 3
564 608 2
564 1646 3
564 1665 2
564 1686 2
564 2000 3
565 611 0
565 1649 0
566 773 1
566 800 2
566 1368 4
566 1653 1
567 607 3
567 1352 3
568 583 3
568 601 1
568 605 2
568 1695 2
569 1374 1
569 1665 2
569 1674 2
570 576 1
570 590 2
570 1364 1
571 577 3
571 604 3
571 1653 2
571 1658 3
572 1360 0
572 1986 2
573 582 1
573 766 4
573 770 2
574 1647 2
574 1681 2
574 2008 1
575 767 2
575 783 1
576 590 1
576 2002 2
576 2020 2
577 604 3
577 1653 2
577 1658 4
578 784 3
578 1649 3
578 1676 3
579 590 2
579 1350 2
579 1678 3
580 586 2
580 785 3
580 813 2
580 1674 1
581 1337 3
581 1362 2
581 1677 2
581 2014 2
583 605 3
583 1351 3
583 1657 2
583 1695 1
584 593 4
584 600 3
584 1994 3
585 594 2
586 785 2
586 813 3
586 2029 1
587 1654 3
587 1670 3
588 596 2
588 602 1
588 1699 2
588 1987 1
589 1648 0
589 1697 0
589 2008 1
591 780 1
591 1349 2
591 1365 2
592 2005 1
593 600 3
593 1687 0
593 1994 3
594 1375 1
595 610 2
595 775 2
595 806 3
595 1667 3
596 602 2
596 772 3
596 1669 2
597 799 1
597 1367 2
598 1345 2
598 1361 2
598 1376 1
599 1342 0
599 2025 3
600 1650 0
600 1994 3
601 1666 3
601 1695 2
602 772 3
602 802 3
602 1667 0
603 1689 3
603 1699 2
603 1987 3
603 1995 2
604 606 1
604 1658 3
605 1351 3
605 1657 3
606 779 2
606 1688 1
606 1691 1
607 1352 3
607 2027 1
608 1646 2
608 1688 2
608 2000 3
609 764 2
609 798 1
610 795 2
610 806 2
611 789 2
611 1372 3
611 1692 3
611 1693 3
612 621 1
612 1740 3
612 1757 3
612 1761 3
613 615 3
613 622 3
613 626 4
614 628 2
614 636 2
614 641 1
615 622 2
615 626 3
616 630 3
616 645 3
616 655 3
616 671 3
616 1756 3
617 636 1
617 641 2
617 1388 2
617 1397 3
618 648 4
619 623 4
619 657 2
620 635 4
620 639 3
620 657 3
620 667 2
621 643 2
621 647 2
621 649 2
621 1757 2
622 626 3
624 632 4
624 637 4
624 638 4
624 664 4
625 629 3
625 652 3
625 665 3
625 669 4
625 1387 4
627 631 3
627 635 1
627 639 0
627 1749 3
627 1758 3
628 1435 1
629 652 4
629 665 4
629 669 3
629 1388 2
630 645 4
630 655 3
630 662 3
630 671 4
631 1749 4
631 1758 4
632 637 4
632 638 4
632 664 4
633 1740 0
634 636 2
634 641 3
635 657 3
636 641 3
637 638 4
637 664 4
638 664 4
639 642 1
639 657 2
639 667 3
640 648 3
640 651 3
640 661 3
640 1738 3
640 1743 3
642 667 1
642 672 2
642 1741 2
642 1762 3
643 644 2
643 647 3
643 649 3
644 647 2
644 649 2
644 982 1
645 655 3
645 662 3
645 671 4
646 647 4
646 649 4
647 649 4
648 651 3
648 1738 3
648 1743 3
650 655 4
651 653 2
651 1738 4
651 1743 4
652 665 4
652 669 3
652 1388 2
653 1738 2
653 1743 2
654 661 0
654 666 3
655 671 3
656 670 3
656 1754 3
657 667 2
658 662 3
660 1753 3
662 671 3
665 669 3
665 1388 2
666 1243 2
666 1284 2
668 1735 2
668 1742 2
669 1387 4
670 1754 4
670 1759 3
672 1741 2
672 1762 2
673 679 1
673 699 3
674 677 0
674 680 3
674 686 3
675 680 3
675 681 2
675 686 3
675 693 3
675 1766 0
676 685 3
677 682 3
677 689 3
677 702 2
678 700 1
678 1047 2
678 1070 2
678 1771 4
679 681 2
680 686 4
680 693 2
681 690 3
681 693 3
682 689 4
683 691 2
683 1416 4
683 1423 3
683 1437 1
684 1026 3
684 1765 4
686 693 2
688 1018 2
688 1047 3
688 1764 0
689 702 3
689 1770 2
690 693 3
691 1423 2
692 1061 1
694 979 2
694 1491 4
694 1541 4
700 1070 3
701 1044 0
701 1767 1
702 1054 2
702 1770 3
705 706 2
707 757 3
707 1620 2
707 1626 3
707 1635 3
708 716 2
708 720 1
708 751 2
708 1604 2
709 724 3
709 1592 2
709 1605 1
709 1613 3
709 1614 3
710 727 2
710 760 2
710 1637 1
710 1639 1
710 1643 2
712 761 3
712 1611 4
712 1637 2
712 1639 3
713 736 3
713 1591 4
713 1618 2
713 1641 4
714 740 3
714 763 1
715 741 3
715 1631 3
716 720 2
716 744 2
716 753 1
716 1644 1
717 723 2
717 738 3
717 749 3
717 750 3
717 1621 1
718 719 2
718 725 3
718 746 2
718 1627 2
718 1636 1
719 725 3
719 756 1
719 1624 2
719 1627 2
720 744 3
720 752 2
721 728 0
721 1589 3
721 1642 3
722 762 4
722 1602 3
722 1603 1
722 1607 2
722 1632 4
723 738 3
723 749 2
723 761 2
724 734 1
724 1605 2
724 1613 2
724 1614 2
725 746 1
725 1624 2
725 1627 2
726 740 2
726 1601 3
726 1625 3
727 747 4
727 760 2
727 1606 4
727 1643 2
728 730 0
728 1936 3
728 1937 3
729 755 2
729 1597 2
730 756 3
730 1623 2
731 759 3
731 1602 1
731 1603 3
731 1616 2
732 743 2
732 757 1
732 758 3
732 1608 2
732 1625 1
733 1598 2
733 1634 2
734 737 3
734 1594 1
734 1605 3
734 1640 3
735 1595 3
735 1599 4
736 1591 3
736 1641 3
737 1605 3
737 1640 2
738 749 3
738 750 2
738 761 1
739 748 3
739 1592 3
739 1614 3
740 763 1
741 746 1
741 1589 1
741 1631 2
741 1636 1
742 753 2
742 1597 1
742 1618 1
742 1619 1
742 1644 2
743 758 2
743 1596 1
743 1608 2
743 1612 2
744 752 3
744 759 0
745 1587 2
745 1610 3
745 1638 3
746 754 2
746 1636 3
747 760 2
747 1606 4
747 1643 2
748 1592 4
748 1613 3
749 750 2
749 1622 1
750 1621 1
751 1604 3
751 1617 3
752 1629 3
753 1597 1
753 1604 0
753 1644 2
754 1615 1
754 1636 3
755 1597 2
755 1619 2
756 1623 1
756 1910 0
757 1608 2
757 1620 3
757 1626 3
758 1601 2
758 1625 2
759 1603 3
760 1640 0
761 1611 3
761 1639 2
762 1632 4
763 1588 2
763 1593 1
764 1346 1
764 1673 2
765 782 2
765 786 2
765 789 2
765 1683 3
766 770 2
767 1645 0
768 777 3
768 812 3
768 1340 1
769 797 2
769 1686 2
770 800 2
771 776 2
771 803 3
771 809 2
771 1370 2
772 802 3
773 805 3
773 1654 3
773 1664 3
773 1670 3
774 811 3
774 1339 1
775 795 2
775 806 3
775 1343 1
775 1667 2
776 803 2
776 1343 1
776 1370 4
776 1690 2
777 812 3
777 1360 1
777 1673 1
777 1694 2
778 792 1
778 801 2
778 808 1
778 810 3
780 1349 2
780 1355 1
780 1373 2
780 1645 2
782 1649 1
782 1683 2
783 786 3
783 1683 2
784 1649 2
784 1676 4
785 813 2
786 789 2
786 1683 3
787 788 2
788 1338 2
788 1346 2
788 1350 1
788 1696 3
789 1692 2
789 1693 2
790 1348 2
790 1362 1
791 1336 3
791 1353 2
791 1687 3
792 810 2
793 1354 3
793 1363 2
793 1369 2
793 1691 1
794 803 2
794 809 3
795 806 3
796 807 2
796 1345 2
796 1375 2
797 1686 4
798 808 0
799 2010 2
800 1368 2
801 808 3
801 810 1
803 809 2
803 1370 2
805 1654 4
805 1664 3
805 1670 4
806 1667 3
807 1345 4
807 1376 2
812 1360 2
812 1652 1
812 1694 1
813 1669 1
814 822 2
814 825 4
814 865 4
814 872 2
815 859 2
815 872 2
816 844 2
816 853 3
816 923 3
816 939 3
817 850 3
817 867 3
817 889 2
817 893 2
817 897 3
818 850 3
818 867 2
818 893 3
818 897 2
818 928 2
819 894 2
819 910 2
819 911 2
819 918 3
819 929 4
820 866 2
820 946 1
821 879 4
821 887 4
821 891 4
821 936 3
822 825 2
822 912 2
823 826 3
823 864 3
823 870 3
823 908 3
824 902 4
824 927 2
824 938 4
825 865 4
825 872 2
826 847 4
826 864 3
826 870 2
826 908 4
827 898 4
827 909 4
827 943 4
828 876 3
828 886 4
828 899 4
828 906 4
829 854 2
829 901 2
829 905 3
829 915 2
830 844 3
830 853 3
831 832 4
831 840 2
831 914 3
831 931 3
831 941 4
832 840 2
832 914 3
832 931 3
832 941 4
833 898 2
833 909 2
833 921 3
833 943 2
834 835 2
834 870 0
835 868 2
835 894 1
836 950 2
837 838 3
837 857 2
837 866 2
837 901 2
837 946 3
838 839 2
838 901 2
838 946 2
840 910 2
840 918 1
840 931 3
841 881 3
841 924 3
841 933 1
841 949 2
842 895 2
844 853 3
845 855 4
845 883 4
845 932 4
845 951 4
846 942 2
847 908 4
848 900 1
848 919 3
848 944 2
849 851 1
849 860 3
849 884 3
849 885 3
849 935 2
850 867 3
850 893 3
850 897 3
851 890 3
851 933 2
852 854 1
852 856 3
852 900 2
853 923 2
853 939 2
854 901 3
855 874 3
855 883 4
855 932 4
855 951 4
856 900 2
856 944 2
857 866 3
857 900 0
857 946 3
858 871 2
858 907 2
858 937 2
858 947 2
859 872 1
859 905 2
860 884 3
860 885 3
860 890 2
860 935 2
861 869 4
861 892 3
861 934 2
861 945 4
861 948 3
862 885 4
863 903 2
863 922 1
863 940 2
864 908 3
865 872 2
866 946 3
867 889 1
868 894 3
868 911 2
869 892 3
869 945 4
869 948 3
870 908 2
870 952 2
871 917 4
871 925 4
871 937 3
871 947 4
873 876 0
874 878 0
874 883 3
874 932 3
874 951 3
876 886 3
876 899 3
876 906 3
877 882 4
879 887 4
879 891 4
880 904 3
880 916 3
880 926 4
881 924 3
881 949 3
883 932 4
883 951 4
884 885 3
884 903 1
885 935 2
886 899 4
886 906 4
886 907 2
887 891 4
887 936 3
889 897 1
889 936 1
889 942 3
890 933 2
891 936 3
892 934 3
892 945 3
893 897 3
893 928 2
894 929 2
895 948 2
896 902 3
896 913 4
896 938 3
898 904 1
898 909 4
898 943 4
899 906 4
899 907 2
900 919 2
902 913 3
902 927 2
902 938 4
903 935 0
904 909 1
904 916 2
904 927 1
905 915 2
906 907 2
909 943 4
910 918 3
910 929 2
910 931 1
911 918 2
911 929 2
911 952 0
912 922 3
912 923 3
912 939 3
913 916 1
913 927 2
913 938 3
914 934 1
914 941 3
916 926 3
916 927 2
917 925 4
917 947 4
918 929 3
919 944 3
921 928 2
922 923 3
922 939 3
923 939 4
924 949 2
925 937 3
925 947 4
930 937 1
931 941 3
932 951 4
934 945 2
935 940 3
937 947 3
945 948 3
953 955 2
953 967 1
953 977 1
953 993 1
954 961 1
954 983 1
954 987 3
954 1122 1
954 1153 1
955 967 2
955 977 1
957 1058 0
958 962 3
958 974 1
958 976 4
958 977 2
959 1005 2
959 1009 2
959 1013 1
959 1415 2
960 969 2
960 998 3
960 1004 4
961 982 1
961 1001 3
962 974 1
962 976 3
962 977 2
963 1258 1
964 965 4
964 970 4
964 986 4
964 1013 3
964 1431 2
965 970 4
965 986 4
965 1013 3
966 1006 2
966 1267 4
966 1282 3
967 1005 2
967 1009 2
968 998 2
968 1383 1
968 1390 2
969 1004 2
969 1396 1
969 1507 2
969 1583 0
970 986 4
970 1013 3
970 1431 2
971 988 4
972 993 2
972 1007 3
973 985 3
973 990 2
973 1469 4
973 1578 2
974 978 0
975 978 3
975 989 3
975 1002 4
976 977 2
978 989 2
978 1002 3
979 1491 2
979 1541 2
980 1390 3
980 1394 2
980 1396 2
981 1000 3
981 1228 2
982 1001 1
983 987 2
983 1421 3
984 988 2
984 990 3
984 1517 2
985 1469 3
985 1517 1
985 1578 3
985 1583 2
986 1013 3
986 1431 2
987 1421 2
988 1517 2
988 1578 2
988 1583 2
989 1002 3
990 1517 3
991 1011 3
991 1380 4
991 1385 2
991 1386 2
991 1405 2
992 1733 0
993 1007 1
994 1385 2
994 1399 1
995 1003 1
995 1402 1
995 1407 1
996 1406 2
996 1479 1
996 1485 3
996 1488 2
997 1012 3
998 1004 3
998 1390 3
998 1396 2
999 1014 1
999 1253 3
999 1272 2
999 1280 2
1004 1390 2
1004 1396 3
1005 1009 4
1005 1415 1
1005 1432 2
1006 1260 1
1006 1267 2
1006 1277 0
1008 1014 2
1008 1801 2
1009 1432 2
1010 1247 4
1010 1266 2
1010 1281 3
1010 1288 3
1011 1380 3
1011 1386 3
1011 1406 1
1012 1251 1
1012 1257 2
1014 1253 2
1014 1263 1
1014 1899 0
1015 1037 3
1016 1054 3
1016 1770 3
1017 1048 1
1017 1051 2
1017 1064 2
1018 1047 2
1019 1037 0
1019 1050 2
1021 1027 0
1023 1033 3
1023 1038 3
1023 1769 2
1023 1774 3
1024 1068 1
1025 1042 3
1025 1048 3
1025 1064 3
1026 1040 2
1026 1765 3
1026 1767 2
1026 1773 3
1028 1030 1
1028 1053 1
1028 1062 1
1029 1035 2
1029 1040 2
1029 1045 2
1029 1056 2
1030 1049 3
1030 1053 4
1031 1052 0
1032 1071 4
1032 1275 2
1032 1291 3
1033 1038 2
1033 1066 3
1033 1769 3
1033 1774 4
1034 1057 3
1034 1059 4
1035 1044 3
1035 1045 4
1035 1056 4
1035 1060 3
1036 1050 2
1038 1039 1
1038 1772 1
1038 1774 2
1039 1772 4
1040 1773 3
1042 1048 3
1042 1064 4
1043 1275 1
1043 1291 2
1044 1045 3
1044 1056 3
1044 1060 3
1045 1056 4
1045 1060 3
1046 1058 1
1047 1771 2
1048 1064 3
1049 1053 3
1050 1063 0
1051 1064 1
1051 1069 2
1054 1770 3
1056 1060 3
1057 1059 3
1061 1768 4
1065 1070 1
1066 1752 1
1066 1769 3
1066 1774 3
1070 1771 2
1072 1098 2
1072 1100 4
1072 1113 2
1072 1150 2
1072 1155 2
1073 1141 2
1073 1199 2
1073 1207 3
1073 1214 2
1074 1083 2
1074 1133 2
1074 1137 1
1074 1141 2
1074 1226 2
1075 1170 3
1075 1182 2
1075 1216 3
1076 1130 2
1076 1173 1
1076 1197 2
1076 1201 1
1076 1237 2
1077 1097 2
1077 1103 2
1077 1104 1
1077 1206 3
1078 1085 3
1078 1110 3
1078 1117 3
1078 1187 3
1078 1236 0
1079 1091 0
1079 1134 3
1080 1106 3
1080 1170 4
1080 1241 2
1081 1181 1
1081 1189 2
1081 1212 2
1082 1146 3
1083 1128 2
1083 1222 1
1083 1226 1
1084 1132 2
1085 1110 4
1085 1117 4
1085 1161 4
1085 1187 4
1086 1208 2
1086 1211 2
1086 1219 0
1087 1108 2
1087 1195 3
1087 1205 3
1087 1231 3
1087 1239 3
1088 1145 2
1088 1167 3
1088 1176 4
1088 1202 2
1089 1125 2
1089 1200 3
1089 1209 3
1089 1219 2
1090 1101 2
1090 1178 2
1090 1228 2
1090 1229 1
1091 1222 3
1092 1119 3
1092 1131 3
1092 1223 3
1093 1179 3
1093 1236 3
1094 1158 1
1094 1219 0
1094 1220 2
1095 1146 3
1095 1156 3
1095 1162 4
1095 1166 3
1096 1121 1
1096 1198 1
1097 1120 1
1097 1159 3
1097 1206 3
1098 1100 2
1098 1155 4
1098 1227 2
1099 1169 2
1099 1230 1
1100 1113 2
1100 1150 2
1100 1155 2
1101 1173 2
1101 1178 2
1101 1228 2
1102 1147 3
1102 1164 3
1103 1173 2
1103 1201 2
1104 1178 1
1104 1206 1
1104 1229 3
1105 1183 4
1105 1189 3
1105 1190 4
1105 1230 3
1106 1169 3
1106 1170 3
1106 1216 3
1106 1241 3
1107 1112 2
1107 1145 3
1107 1176 1
1107 1185 2
1107 1238 2
1108 1149 3
1108 1215 3
1108 1231 2
1108 1239 2
1109 1182 1
1110 1117 4
1110 1161 4
1110 1187 4
1111 1114 3
1111 1134 3
1111 1192 3
1111 1218 3
1112 1168 3
1112 1172 3
1112 1238 4
1113 1126 0
1113 1150 3
1113 1235 4
1114 1134 3
1114 1192 4
1114 1217 2
1114 1218 4
1115 1157 0
1115 1240 2
1116 1118 3
1116 1136 3
1116 1144 1
1116 1151 4
1116 1171 4
1117 1161 4
1117 1187 4
1118 1151 3
1118 1171 3
1118 1200 0
1119 1122 2
1119 1153 2
1119 1198 2
1119 1223 2
1120 1143 2
1120 1159 2
1120 1191 3
1120 1196 2
1121 1126 1
1121 1154 1
1121 1165 2
1122 1153 4
1122 1198 3
1123 1124 3
1123 1158 3
1123 1221 3
1123 1225 3
1124 1221 3
1124 1225 3
1125 1184 1
1125 1200 2
1125 1219 2
1126 1186 2
1126 1194 2
1126 1227 2
1127 1163 2
1127 1208 2
1127 1220 2
1128 1137 2
1128 1222 2
1128 1232 2
1129 1156 3
1129 1162 2
1129 1166 3
1129 1217 2
1130 1175 3
1130 1197 4
1130 1233 3
1130 1237 4
1131 1140 1
1131 1223 3
1132 1193 1
1133 1137 3
1133 1141 2
1133 1174 2
1133 1232 2
1134 1192 3
1134 1218 3
1135 1140 1
1136 1144 2
1136 1151 3
1136 1171 3
1137 1174 2
1137 1232 3
1138 1168 3
1139 1157 2
1139 1163 2
1139 1203 4
1140 1223 1
1141 1207 3
1142 1174 3
1142 1179 3
1142 1232 2
1142 1236 1
1143 1191 2
1143 1196 3
1143 1202 2
1144 1211 2
1145 1176 2
1145 1185 3
1145 1238 1
1146 1162 3
1147 1164 3
1147 1213 2
1148 1234 2
1149 1204 2
1149 1215 4
1149 1239 1
1150 1198 0
1150 1235 3
1151 1171 4
1152 1188 3
1152 1222 2
1152 1226 1
1153 1198 3
1154 1165 1
1154 1195 1
1154 1231 2
1155 1186 2
1155 1227 2
1156 1162 3
1156 1166 4
1156 1217 1
1157 1193 1
1157 1203 2
1158 1220 1
1158 1221 2
1158 1225 2
1159 1191 1
1159 1201 0
1159 1206 2
1160 1177 4
1161 1187 4
1162 1166 3
1163 1193 1
1163 1203 2
1163 1220 2
1164 1213 2
1165 1194 2
1167 1176 3
1167 1185 3
1167 1202 2
1168 1172 3
1168 1238 3
1169 1216 3
1169 1241 2
1170 1216 3
1170 1241 2
1172 1200 0
1172 1238 3
1173 1178 2
1173 1201 3
1174 1179 2
1174 1232 3
1175 1197 3
1175 1233 4
1175 1237 3
1175 1240 3
1176 1202 2
1178 1201 1
1180 1183 3
1180 1189 2
1180 1190 3
1180 1230 2
1180 1241 0
1181 1212 3
1183 1189 3
1183 1190 4
1183 1230 3
1184 1193 2
1184 1208 1
1186 1194 3
1186 1227 3
1189 1190 3
1190 1230 3
1191 1196 2
1192 1217 2
1192 1218 4
1194 1227 3
1195 1205 2
1195 1231 3
1195 1239 2
1196 1202 2
1197 1233 3
1197 1237 4
1199 1207 2
1200 1219 2
1203 1220 2
1204 1215 2
1205 1239 4
1210 1214 3
1210 1224 4
1211 1221 1
1211 1225 1
1213 1226 2
1214 1224 3
1221 1225 4
1228 1234 0
1233 1237 3
1233 1240 3
1242 1246 3
1242 1283 3
1243 1244 1
1243 1273 2
1243 1276 1
1243 1284 3
1244 1272 3
1244 1273 3
1244 1274 2
1244 1280 3
1245 1254 2
1245 1270 2
1245 1274 1
1246 1283 4
1247 1250 2
1247 1266 2
1247 1281 3
1247 1288 3
1248 1285 4
1248 1498 3
1249 1264 0
1250 1257 1
1250 1259 1
1250 1281 3
1250 1288 2
1251 1252 1
1251 1257 3
1253 1263 1
1254 1270 3
1254 1290 0
1255 1261 1
1255 1271 3
1257 1288 1
1258 1279 2
1258 1282 2
1259 1281 1
1259 1290 4
1262 1277 2
1262 1287 2
1262 1289 2
1263 1382 1
1263 1435 1
1265 1754 2
1265 1759 3
1265 1868 0
1266 1288 2
1267 1279 2
1267 1282 3
1268 1513 2
1269 1276 3
1269 1283 2
1269 1284 2
1270 1274 2
1270 1893 0
1272 1273 2
1272 1274 2
1272 1280 4
1273 1280 2
1273 1284 1
1274 1280 2
1275 1291 3
1276 1283 2
1276 1284 2
1276 1290 0
1277 1289 3
1278 1477 0
1279 1282 3
1285 1498 3
1287 1289 3
1292 1300 3
1292 1322 4
1292 1324 0
1293 1309 3
1293 1315 2
1293 1316 3
1293 1319 2
1293 1332 2
1294 1307 3
1294 1329 4
1294 1330 3
1294 1333 4
1295 1307 3
1295 1330 3
1296 1302 3
1296 1623 2
1297 1300 2
1297 1303 4
1297 1312 4
1297 1321 4
1297 1323 4
1298 1328 2
1298 1334 1
1300 1312 2
1300 1321 2
1300 1322 3
1301 1304 2
1301 1308 4
1301 1314 3
1301 1319 2
1302 1623 3
1303 1312 4
1303 1321 4
1303 1323 4
1304 1308 2
1304 1313 2
1304 1314 2
1305 1315 2
1305 1320 1
1305 1335 1
1306 1325 3
1306 1326 3
1306 1593 2
1306 1630 2
1307 1329 3
1307 1330 4
1307 1333 3
1308 1314 3
1308 1319 2
1309 1316 3
1309 1320 1
1310 1317 3
1310 1318 3
1310 1327 3
1310 1335 2
1311 1315 3
1311 1324 2
1311 1332 4
1312 1321 4
1312 1323 4
1313 1334 0
1315 1332 3
1316 1319 1
1317 1318 3
1317 1327 2
1317 1335 2
1318 1327 3
1318 1335 2
1319 1332 1
1320 1335 2
1321 1323 4
1324 1332 2
1325 1326 2
1327 1331 2
1329 1330 3
1329 1331 2
1329 1333 4
1330 1333 3
1331 1333 2
1336 1342 1
1336 1353 2
1336 1687 3
1337 1362 3
1337 1677 3
1338 1350 3
1338 1678 2
1338 1696 2
1338 1698 2
1341 1650 2
1341 1651 2
1341 2011 1
1342 1344 3
1342 1357 4
1343 1690 3
1344 1357 3
1344 1668 0
1345 1376 2
1346 1696 2
1347 1656 1
1347 1661 3
1348 1362 1
1348 1379 0
1349 1365 2
1349 1373 2
1349 2007 1
1350 1678 3
1350 1698 2
1351 1657 3
1352 1672 2
1353 1687 3
1354 1363 3
1354 1369 3
1354 1680 2
1355 1645 2
1355 1692 2
1355 1693 2
1358 1364 1
1358 1369 1
1358 1675 1
1359 1371 3
1359 1377 4
1360 1366 1
1360 1652 2
1361 1679 2
1362 1677 3
1363 1369 4
1363 1680 2
1364 1374 1
1364 1675 2
1365 1373 2
1366 1652 2
1366 1656 1
1366 1996 1
1369 1680 2
1370 1690 2
1371 1377 3
1372 1692 3
1372 1693 3
1373 1645 1
1374 1675 2
1376 1672 2
1379 1650 1
1379 1651 1
1379 2026 2
1380 1385 2
1380 1386 2
1380 1405 2
1382 1435 1
1383 1391 4
1383 1565 3
1384 1495 3
1384 1501 3
1384 1526 3
1384 1573 3
1385 1461 1
1386 1406 2
1386 1500 3
1388 1397 2
1389 1392 1
1389 1443 2
1389 1454 3
1389 1516 2
1390 1396 3
1391 1565 3
1392 1398 2
1392 1404 1
1393 1750 2
1393 2081 3
1393 2082 2
1394 1574 0
1395 1400 3
1395 1401 3
1395 1403 2
1398 1573 1
1399 1404 1
1400 1401 2
1400 1403 2
1401 1403 2
1402 1407 3
1402 1492 2
1403 1898 0
1406 1488 4
1406 1500 3
1407 1492 3
1410 1428 0
1410 1438 2
1410 1732 3
1410 1739 3
1411 1413 3
1411 1420 1
1411 1436 3
1412 1420 2
1412 1422 3
1412 1424 2
1413 1430 2
1413 1436 3
1414 1429 3
1414 1434 3
1414 1438 1
1414 1439 2
1416 1423 3
1416 1437 1
1417 1426 2
1418 1794 3
1418 1875 2
1418 1876 4
1419 1429 1
1420 1422 2
1420 1436 1
1422 1424 1
1423 1424 0
1427 1875 2
1427 2097 3
1428 1744 1
1429 1434 3
1429 1438 1
1429 1439 2
1434 1439 2
1438 1732 2
1438 1739 2
1440 1458 2
1440 1521 0
1441 1466 4
1441 1557 3
1442 1529 2
1443 1516 4
1444 1525 2
1444 1553 2
1444 1561 2
1445 1472 4
1445 1505 3
1445 1523 4
1446 1459 2
1446 1494 2
1446 1538 3
1446 1570 2
1446 1582 4
1447 1461 2
1447 1484 2
1448 1533 2
1448 1539 2
1448 1584 3
1449 1474 2
1449 1527 2
1449 1537 1
1449 1547 2
1449 1554 1
1450 1496 4
1450 1562 4
1450 1568 3
1451 1452 1
1451 1511 2
1451 1522 2
1451 1550 2
1452 1522 3
1452 1543 1
1452 1585 2
1453 1483 3
1453 1518 3
1455 1499 3
1456 1466 2
1456 1478 3
1456 1483 1
1456 1535 3
1457 1487 2
1457 1496 2
1457 1568 2
1457 1572 0
1458 1480 3
1458 1571 1
1459 1502 1
1459 1548 3
1459 1570 3
1459 1582 2
1460 1463 3
1460 1475 2
1461 1484 3
1462 1566 3
1463 1465 1
1464 1490 4
1464 1533 3
1464 1539 3
1466 1535 2
1466 1557 3
1467 1524 3
1467 1544 3
1468 1471 3
1468 1481 3
1468 1525 3
1468 1561 3
1470 1581 1
1471 1481 3
1472 1523 4
1473 1529 3
1473 1579 3
1474 1502 1
1474 1514 3
1474 1527 2
1474 1547 3
1475 1499 0
1476 1487 2
1476 1497 3
1476 1549 4
1476 1567 2
1476 1572 2
1477 1531 1
1477 2083 0
1478 1518 1
1478 1535 2
1479 1485 2
1479 1560 2
1479 1580 0
1480 1571 1
1481 1525 2
1481 1561 2
1482 1520 3
1482 1544 2
1482 1574 1
1483 1518 3
1485 1560 1
1486 1503 2
1486 1509 2
1486 1559 2
1487 1496 1
1487 1549 2
1488 1500 3
1491 1541 4
1493 1504 2
1494 1524 2
1494 1538 2
1494 1582 2
1495 1526 2
1495 1573 3
1495 1803 2
1496 1562 4
1496 1568 3
1497 1549 3
1497 1560 1
1497 1567 3
1497 1572 2
1498 1535 2
1499 1565 0
1501 1526 4
1502 1547 1
1502 1548 2
1502 1563 2
1503 1509 3
1503 1519 3
1503 1559 3
1504 1556 3
1505 1523 3
1505 1528 0
1508 1510 2
1508 1545 1
1508 1567 0
1508 1580 2
1509 1519 2
1509 1559 4
1509 1579 2
1510 1545 2
1510 1580 3
1511 1536 2
1511 1550 3
1511 1564 3
1512 1556 0
1512 1577 2
1514 1546 2
1515 1552 3
1515 1574 0
1515 1575 3
1517 1578 2
1519 1559 2
1520 1524 1
1520 1544 3
1521 1530 2
1522 1585 2
1524 1544 2
1525 1561 4
1526 1573 2
1527 1546 2
1527 1547 2
1528 1537 2
1528 1554 2
1529 1579 3
1531 1571 0
1532 1829 0
1533 1539 4
1533 1541 1
1533 1584 2
1534 1551 1
1534 1555 2
1536 1564 3
1537 1554 4
1538 1572 0
1538 1582 3
1539 1541 1
1539 1584 2
1540 1577 3
1543 1551 2
1543 1555 1
1543 1575 1
1548 1563 4
1548 1570 3
1549 1567 2
1549 1572 2
1550 1564 3
1551 1552 1
1551 1555 2
1551 1575 2
1552 1575 2
1559 1579 2
1560 1567 1
1560 1569 0
1562 1568 3
1563 1570 3
1570 1582 2
1571 2084 2
1571 2086 1
1576 1586 2
1578 1583 3
1587 1610 3
1587 1622 1
1587 1638 2
1588 1593 3
1588 1628 3
1588 1630 2
1589 1627 1
1589 1631 3
1589 1642 4
1590 1595 3
1590 1598 2
1590 1599 2
1590 1621 2
1590 1634 3
1591 1641 4
1592 1613 3
1592 1614 3
1593 1628 3
1593 1630 3
1594 1640 1
1595 1598 2
1595 1599 3
1595 1634 3
1596 1601 1
1596 1612 2
1596 1625 1
1596 1643 0
1598 1607 1
1598 1634 3
1599 1634 2
1601 1625 4
1602 1603 2
1602 1607 2
1602 1632 3
1603 1616 1
1604 1617 3
1605 1640 2
1607 1632 2
1608 1612 1
1608 1620 1
1609 1622 2
1609 1638 3
1610 1638 3
1611 1637 2
1611 1639 3
1612 1637 0
1613 1614 3
1615 1635 2
1615 1636 1
1616 1618 2
1616 1641 1
1616 1644 1
1618 1641 2
1618 1644 2
1620 1626 3
1620 1638 0
1624 1630 1
1626 1635 3
1627 1642 1
1628 1630 2
1631 1642 3
1637 1639 3
1646 1665 2
1646 1686 2
1646 1688 2
1647 1681 4
1647 1682 3
1647 1684 3
1647 1685 2
1649 1676 2
1650 1651 3
1652 1656 2
1653 1658 2
1654 1664 3
1654 1670 4
1656 1684 1
1658 1691 0
1659 1687 1
1659 1985 2
1660 1662 3
1660 1668 3
1661 1682 1
1661 1685 2
1662 1668 3
1663 1698 4
1664 1670 3
1664 1694 0
1665 1675 0
1665 1686 2
1669 2029 1
1673 1694 2
1675 2000 1
1677 2026 0
1678 1698 2
1679 2022 2
1681 1682 3
1681 1684 3
1682 1684 3
1682 1685 3
1684 1685 2
1689 1699 2
1689 1987 3
1689 1995 3
1691 2020 0
1692 1693 4
1699 1987 3
1700 1992 3
1700 2030 3
1701 1702 3
1701 1719 2
1701 1723 3
1701 1726 3
1702 1719 2
1702 1723 3
1702 1726 3
1702 1727 3
1703 1710 3
1703 2034 3
1703 2042 4
1703 2056 3
1704 1708 3
1704 1712 2
1704 1720 1
1704 1728 2
1705 1715 4
1705 1721 4
1706 1712 3
1706 1728 2
1707 1711 3
1707 1713 4
1707 1717 3
1707 1730 3
1708 1720 2
1708 2041 2
1709 1727 4
1710 2042 3
1711 1713 3
1711 1717 4
1711 1721 2
1711 1730 4
1712 1728 3
1713 1717 3
1713 1730 3
1715 1721 4
1716 1722 4
1716 1729 4
1717 1721 2
1717 1730 4
1718 1724 4
1718 1725 4
1718 2057 4
1719 1727 2
1720 2041 3
1720 2063 2
1721 1730 2
1722 1729 4
1723 1726 4
1724 1725 4
1724 2057 4
1725 2057 4
1731 1745 3
1731 1747 3
1731 1748 2
1731 1751 4
1732 1739 4
1734 1752 0
1735 1737 3
1735 1742 4
1735 1746 3
1735 1760 3
1737 1742 3
1737 1746 4
1737 1753 3
1737 1760 4
1738 1743 4
1740 1757 3
1740 1761 4
1741 1762 2
1742 1746 3
1742 1760 3
1745 1747 3
1745 1748 2
1745 1751 3
1746 1753 3
1746 1760 4
1747 1751 3
1748 1751 2
1749 1756 0
1749 1758 4
1753 1760 3
1754 1759 3
1757 1761 3
1763 1764 3
1763 1766 4
1764 1766 3
1765 1767 2
1765 1773 2
1767 1773 3
1769 1774 3
1775 1800 2
1775 1830 2
1775 1889 1
1776 1815 3
1776 1822 2
1776 1841 3
1776 1852 2
1776 1861 3
1777 1797 2
1777 1805 3
1777 1848 3
1777 1881 2
1777 1882 3
1778 1810 1
1778 1840 1
1778 1867 2
1778 1896 3
1779 1819 3
1779 1874 3
1779 1892 3
1779 1900 3
1780 1818 2
1780 1891 0
1781 1837 3
1781 1846 1
1781 1856 4
1781 1864 3
1781 1871 3
1782 1796 2
1782 1808 3
1782 1810 3
1782 1840 3
1782 1885 1
1783 1784 0
1783 1855 1
1783 1888 1
1784 1793 1
1784 1825 3
1785 1865 1
1785 1879 1
1786 1811 3
1786 1847 3
1787 1842 4
1787 1866 3
1787 1869 3
1787 1890 3
1787 1897 1
1788 1797 3
1788 1805 3
1788 1848 4
1788 1882 4
1789 1868 2
1789 1884 2
1790 1795 4
1790 1798 4
1790 1800 3
1791 1828 1
1791 1881 0
1791 2089 1
1792 1797 0
1792 1798 2
1792 1838 3
1792 1895 2
1793 1814 2
1793 1825 1
1793 1857 2
1793 1878 2
1794 1828 1
1794 1875 2
1794 1876 3
1795 1798 4
1795 1800 3
1796 1808 3
1796 1840 2
1796 1877 3
1796 1904 0
1797 1848 3
1797 1882 3
1798 1800 3
1798 1838 2
1799 1823 3
1799 1836 4
1799 1845 4
1799 1883 4
1799 1891 3
1800 1838 1
1801 1827 3
1801 1892 1
1801 1899 1
1802 1821 2
1802 1843 1
1802 1853 1
1802 1902 1
1804 1858 4
1805 1848 3
1805 1881 3
1805 1882 3
1806 1811 2
1806 1826 4
1806 1844 4
1806 1860 3
1806 1893 2
1807 1824 2
1807 1851 3
1807 1862 2
1807 1873 2
1807 1880 1
1808 1810 3
1808 1840 3
1808 1877 2
1809 1816 4
1809 1819 3
1809 1872 2
1809 1874 3
1809 1900 3
1810 1840 4
1811 1844 2
1811 1847 4
1811 1860 3
1812 1863 1
1812 1897 3
1813 1817 2
1813 1834 3
1813 1878 2
1814 1834 2
1814 1857 3
1814 1878 3
1815 1841 4
1815 1843 2
1815 1861 4
1816 1819 3
1816 1872 2
1816 1874 3
1816 1900 3
1817 1850 3
1817 1855 3
1817 1888 2
1818 1893 2
1819 1874 4
1819 1900 4
1820 1824 3
1820 1831 4
1820 1862 3
1820 1873 3
1820 1876 1
1821 1843 3
1822 1841 1
1822 1852 4
1822 1863 3
1822 1902 2
1823 1836 3
1823 1845 3
1823 1883 3
1823 1884 2
1824 1831 3
1824 1862 4
1824 1873 4
1826 1844 4
1826 1860 3
1826 1893 2
1827 1886 1
1827 1899 2
1828 2096 4
1829 1869 2
1829 2099 1
1830 1851 1
1830 1880 3
1830 1889 3
1831 1862 3
1831 1873 3
1831 1876 1
1832 1839 2
1832 1870 2
1832 1901 3
1833 1872 3
1833 1894 1
1834 1857 2
1834 1878 3
1835 1859 2
1835 1867 4
1835 1896 3
1835 1904 3
1836 1845 4
1836 1883 4
1836 1891 3
1837 1856 3
1837 1864 4
1837 1871 3
1838 1895 3
1838 1903 3
1839 1870 3
1839 1885 1
1839 1901 3
1841 1843 2
1841 1861 4
1842 1866 3
1842 1869 3
1842 1890 3
1842 1897 1
1843 1861 2
1844 1860 3
1844 1893 2
1845 1883 4
1845 1891 3
1846 1871 2
1846 1886 2
1846 1894 2
1847 1860 3
1848 1882 4
1849 1854 4
1849 1859 2
1850 1855 3
1850 1857 0
1850 1888 2
1851 1880 2
1852 1863 3
1853 1866 2
1853 1890 2
1854 1859 2
1854 1877 2
1855 1888 3
1856 1864 3
1856 1871 3
1857 1878 3
1859 1867 2
1859 1904 2
1862 1873 4
1863 1902 2
1864 1894 1
1865 1885 3
1866 1869 3
1866 1890 4
1867 1896 3
1867 1904 3
1868 1884 3
1869 1890 3
1870 1901 3
1871 1894 1
1872 1894 1
1874 1900 4
1875 1876 2
1879 1885 1
1880 1889 3
1883 1891 3
1886 1899 2
1895 1903 4
1896 1904 2
1905 1919 2
1905 1930 2
1905 1968 2
1905 1975 1
1906 1921 4
1906 1922 3
1906 1938 4
1906 1969 2
1907 1918 4
1907 1977 2
1908 1965 4
1908 1970 3
1908 1980 3
1909 1913 3
1909 1916 3
1909 1923 2
1909 1972 2
1909 1974 3
1910 1932 2
1910 1952 1
1910 1976 0
1911 1955 4
1911 1961 3
1911 1971 4
1912 1918 1
1912 1956 3
1913 1915 2
1913 1916 2
1913 1972 3
1913 1974 4
1914 1915 3
1914 1934 1
1914 1935 3
1914 1972 2
1915 1935 3
1915 1972 3
1915 1974 2
1916 1923 2
1916 1974 2
1917 1966 2
1917 1973 2
1918 1956 2
1918 1977 2
1919 1964 1
1919 1966 2
1919 1968 2
1920 1926 4
1921 1922 3
1921 1938 4
1922 1938 3
1922 1960 1
1922 1981 1
1923 1944 1
1923 1963 2
1924 1945 3
1924 1947 3
1924 1981 3
1925 1944 3
1925 1956 0
1925 1962 1
1925 1963 2
1925 1977 2
1927 1981 3
1927 1983 1
1928 1932 2
1928 1936 2
1928 1937 2
1928 1952 3
1929 1934 3
1929 1946 3
1929 1978 3
1930 1968 1
1931 1941 2
1931 1962 1
1931 1982 2
1931 1983 1
1932 1952 2
1933 1951 2
1933 1979 2
1934 1935 1
1934 1978 2
1934 1984 1
1936 1937 4
1936 1952 2
1937 1952 2
1938 1969 2
1939 1965 1
1939 1970 1
1940 1943 2
1940 1982 2
1940 1983 2
1941 1962 2
1941 1982 2
1942 1949 1
1942 1967 3
1943 1946 2
1943 1978 2
1943 1984 3
1944 1962 1
1944 1963 3
1944 1977 2
1945 1947 4
1945 1960 3
1945 1969 2
1946 1978 4
1946 1984 3
1947 1960 3
1947 1969 2
1947 1981 2
1948 1954 3
1949 1953 1
1951 1964 2
1951 1979 4
1955 1961 3
1955 1971 4
1957 1958 3
1958 1961 1
1959 1973 1
1959 1980 0
1960 1969 2
1960 1981 2
1961 1971 3
1963 1977 2
1964 1968 1
1964 1979 2
1965 1970 3
1965 1980 3
1966 1975 1
1970 1980 3
1972 1974 3
1978 1984 3
1982 1983 2
1982 1984 0
1985 2011 1
1985 2025 2
1987 1995 2
1988 1994 2
1988 2004 3
1988 2019 3
1989 1993 3
1990 2005 2
1990 2016 1
1990 2028 1
1990 2030 1
1991 2018 1
1991 2027 1
1992 2005 2
1992 2006 0
1992 2030 3
1993 2018 1
1995 1998 3
1996 2016 1
1996 2021 3
1997 2003 3
1997 2022 2
1998 2014 1
1999 2095 0
2001 2027 2
2002 2020 3
2002 2024 3
2004 2026 0
2005 2030 3
2015 2017 3
2016 2021 2
2016 2028 1
2020 2024 2
2031 2059 4
2031 2069 2
2033 2040 4
2033 2055 3
2034 2038 2
2034 2042 3
2034 2056 4
2035 2048 4
2035 2060 4
2036 2037 3
2036 2050 4
2036 2052 4
2036 2055 2
2036 2067 4
2037 2050 3
2037 2052 3
2037 2067 3
2037 2071 2
2038 2056 2
2038 2057 0
2039 2046 1
2039 2051 4
2039 2071 3
2040 2055 3
2041 2063 3
2042 2056 3
2043 2045 3
2043 2053 4
2043 2058 2
2043 2068 2
2043 2070 3
2044 2070 3
2045 2053 3
2045 2063 0
2045 2070 3
2046 2054 2
2046 2062 2
2046 2066 3
2047 2069 0
2048 2060 4
2049 2061 4
2049 2065 4
2049 2072 4
2050 2052 4
2050 2055 2
2050 2067 4
2051 2071 3
2052 2055 2
2052 2067 4
2053 2058 2
2053 2068 2
2053 2070 3
2054 2062 4
2054 2064 4
2054 2066 3
2058 2068 4
2059 2069 2
2061 2065 4
2061 2072 4
2062 2064 4
2062 2066 3
2064 2066 3
2065 2072 4
2074 2075 4
2074 2077 4
2075 2077 4
2081 2082 3
2082 2095 0
2083 2091 3
2084 2086 2
2098 2100 4
