1 5 4
1 14 4
1 32 3
1 572 7
1 587 4
1 1360 1
1 1654 3
1 1986 5
1 2015 4
2 5 3
2 14 5
2 21 4
2 591 6
2 780 4
2 1349 5
2 1365 8
2 1373 6
3 33 5
3 600 5
3 791 5
3 1341 6
3 1650 6
3 1651 3
3 1659 4
3 2011 5
4 7 3
4 9 5
4 558 6
4 568 5
4 601 6
4 1666 6
4 1695 6
5 14 4
5 572 3
5 582 2
5 587 3
5 1340 2
5 1365 3
5 2015 3
6 24 4
6 34 5
6 42 6
6 45 5
6 1663 5
6 1678 5
6 1698 6
7 12 3
7 16 6
7 46 2
7 558 4
7 1666 4
7 1697 3
7 1993 4
8 11 7
8 30 8
8 563 7
8 1351 5
8 1356 6
8 1361 3
8 1657 5
9 11 4
9 568 7
9 583 7
9 601 6
9 605 7
9 1351 6
9 1657 6
9 1695 6
10 41 5
10 598 5
10 796 5
10 807 4
10 1345 5
10 1356 3
10 1361 5
10 1679 4
11 563 7
11 583 5
11 605 5
11 1351 6
11 1356 6
11 1361 3
11 1657 6
12 16 5
12 37 6
12 556 4
12 1991 5
12 1993 4
12 2001 3
12 2027 3
13 17 4
13 561 3
13 764 3
13 1346 4
13 1673 3
13 2006 3
13 2013 3
14 21 3
14 572 4
14 591 3
14 1365 5
14 1986 4
15 1337 2
15 1339 5
15 1651 5
15 1677 4
16 37 3
16 556 6
16 558 3
16 1697 2
16 1993 4
17 38 4
17 1696 4
17 2013 2
17 2024 3
18 35 4
18 36 2
18 559 4
18 560 3
18 567 3
18 585 4
18 1649 3
18 1676 5
19 586 5
19 588 4
19 596 5
19 603 3
19 813 5
19 1669 8
19 1699 4
19 1987 5
19 2029 6
20 40 6
20 588 4
20 603 6
20 610 4
20 806 1
20 1689 7
20 1699 5
20 1995 6
21 44 3
21 591 5
21 1349 3
21 1365 4
21 2018 2
22 43 4
22 570 8
22 576 3
22 590 4
22 1364 3
23 44 4
23 46 4
23 48 6
23 1347 5
23 1648 5
23 1661 6
23 1682 4
23 1685 4
23 1697 4
24 39 3
24 42 4
24 45 4
24 597 6
24 1367 4
24 1378 5
25 29 6
25 808 4
25 1359 7
25 1371 5
25 1377 8
25 1990 4
26 559 3
26 567 4
26 607 4
26 611 3
26 1352 5
26 1355 3
26 1372 6
26 1692 3
26 2027 3
27 1343 2
27 1353 1
27 1379 4
27 1690 1
27 1988 4
27 2026 4
28 599 6
28 1336 4
28 1342 4
28 1659 5
28 1985 5
28 2025 5
29 592 5
29 1359 7
29 1371 5
29 1377 6
29 1684 1
29 1990 5
29 2005 4
29 2028 3
31 36 7
31 565 4
31 567 3
31 1649 4
31 2012 6
32 44 1
32 572 4
32 1652 3
32 1986 6
32 1996 5
32 2021 4
33 584 4
33 593 7
33 600 7
33 1341 5
33 1659 4
33 1687 4
33 1994 4
33 2011 6
34 38 2
34 42 5
34 43 4
34 579 4
34 1350 3
34 1660 5
34 1678 5
34 1698 5
35 47 5
35 560 5
35 585 6
35 594 3
35 784 5
35 1676 6
36 565 5
36 567 4
36 1649 4
36 2012 5
37 556 3
37 607 3
37 1991 4
37 2001 5
37 2027 5
38 557 2
38 579 5
38 590 4
38 1696 3
38 2002 5
38 2024 4
39 42 5
39 45 6
39 1662 6
39 1668 5
40 595 3
40 603 5
40 610 5
40 1689 7
40 1995 6
41 594 4
41 598 7
41 796 6
41 1345 6
41 1361 3
41 1375 6
41 1376 3
41 1679 4
42 43 4
42 45 7
42 1660 5
42 1698 4
43 45 4
43 1660 6
43 1662 4
43 1668 3
44 1347 4
44 1661 4
44 2018 2
44 2021 2
45 1660 5
45 1662 4
46 48 3
46 589 6
46 792 5
46 1697 7
47 560 6
47 585 6
47 594 6
47 1375 3
48 1347 4
48 1661 4
48 1681 4
48 1682 5
48 1685 6
48 1697 3
49 60 6
49 67 6
49 82 7
49 102 7
49 108 7
49 118 6
50 55 6
50 64 7
50 71 6
50 73 6
50 79 6
50 132 8
51 61 7
51 76 5
51 93 4
51 136 5
51 874 3
51 878 7
52 70 6
52 78 7
52 98 6
52 99 5
52 101 7
52 104 6
52 109 2
52 111 7
52 116 4
54 57 8
54 65 8
54 68 8
54 86 8
54 87 7
54 115 8
54 129 5
55 64 5
55 73 8
55 79 4
55 132 6
56 64 4
56 71 5
56 79 5
56 90 3
56 131 7
56 877 2
56 882 2
57 65 8
57 68 8
57 86 8
57 87 7
57 115 8
57 123 2
57 129 5
58 91 6
58 94 6
58 95 6
58 110 6
58 112 6
58 123 6
59 62 7
59 74 6
59 77 6
59 81 8
59 93 3
59 130 4
60 82 5
60 102 5
60 108 5
60 116 2
60 950 2
61 76 4
61 93 4
61 136 4
61 878 6
62 74 7
62 77 6
62 81 7
62 93 3
62 113 6
63 72 7
63 75 7
63 85 6
63 96 4
63 97 6
63 119 7
63 126 8
63 128 6
63 843 7
64 71 7
64 73 5
64 79 7
64 132 7
65 68 8
65 86 8
65 87 7
65 115 8
65 129 5
66 78 4
66 99 6
66 101 4
66 111 4
66 2049 8
66 2061 8
66 2065 8
66 2072 8
67 80 6
67 82 7
67 102 5
67 106 3
67 108 7
67 114 5
67 118 5
68 86 8
68 87 7
68 115 8
69 103 8
69 120 5
69 127 5
69 133 5
69 135 6
69 1714 2
70 98 7
70 99 4
70 101 5
70 104 4
70 109 4
70 111 5
70 117 5
70 125 4
71 79 8
71 131 4
71 132 6
72 75 8
72 85 6
72 97 5
72 119 6
72 126 7
72 128 7
72 843 8
72 920 7
73 79 4
73 132 6
74 77 5
74 81 6
74 83 4
74 89 4
74 100 4
74 113 7
74 121 4
75 85 6
75 97 5
75 119 6
75 126 7
75 128 7
75 843 8
75 920 7
76 77 4
76 93 7
76 136 8
76 874 3
76 878 4
77 81 6
77 93 5
77 113 4
77 136 4
78 98 6
78 99 6
78 101 8
78 104 6
78 111 8
78 116 4
79 131 4
79 132 6
80 96 3
80 102 5
80 106 3
80 108 5
80 114 7
80 118 6
80 122 5
80 134 5
81 93 3
81 113 5
81 130 4
82 108 8
83 89 7
83 91 4
83 100 8
83 113 5
83 121 8
84 105 8
84 130 8
84 137 8
85 96 5
85 97 7
85 106 5
85 119 7
85 126 6
85 920 5
86 87 7
86 115 8
87 88 7
87 115 7
89 94 4
89 100 7
89 107 5
89 110 4
89 113 5
89 121 7
90 92 4
90 109 4
90 117 3
90 125 4
90 131 4
91 94 7
91 95 6
91 107 6
91 110 7
91 112 6
91 121 4
91 124 6
92 109 7
92 117 6
92 125 7
92 881 4
93 136 7
94 95 6
94 107 7
94 110 8
94 112 6
94 121 4
94 124 7
95 107 5
95 110 6
95 112 8
95 123 7
95 124 6
95 129 4
96 97 6
96 106 7
96 114 4
96 119 5
96 122 4
96 126 4
97 106 6
97 114 2
97 119 7
97 126 6
98 99 5
98 101 6
98 104 5
98 111 6
98 117 4
98 125 3
99 101 6
99 111 6
99 2049 6
99 2065 6
100 107 5
100 113 5
100 121 8
101 104 6
101 111 8
101 116 4
102 108 6
102 118 7
102 134 5
103 120 5
103 127 5
103 133 5
103 135 6
103 1714 2
104 111 6
104 116 6
104 836 3
105 130 8
105 137 8
106 114 4
106 119 5
107 110 7
107 112 5
107 121 5
107 124 7
108 114 4
108 118 5
109 117 7
109 125 8
109 881 3
109 949 3
110 112 6
110 121 4
110 124 7
111 116 4
112 123 7
112 124 6
112 129 4
113 121 5
114 118 5
114 122 5
114 134 4
115 129 5
116 836 4
116 950 2
117 125 7
118 122 4
118 134 6
118 820 3
119 126 7
119 843 6
120 127 7
120 133 7
120 135 4
120 381 5
122 134 5
122 820 4
122 866 2
123 129 5
124 129 3
125 881 3
125 949 3
126 128 6
126 843 7
127 133 7
127 135 4
127 381 5
128 843 7
128 878 3
128 920 8
130 137 8
131 877 2
131 882 2
132 864 2
133 381 5
134 820 5
134 839 4
134 866 3
135 1714 2
136 874 3
136 878 4
138 143 6
138 155 6
138 157 5
138 162 4
138 168 5
138 170 7
138 188 8
138 209 1
138 221 7
139 144 5
139 162 3
139 178 7
139 231 4
140 156 7
140 163 6
140 199 4
140 201 6
140 202 7
140 211 7
140 220 5
140 233 5
140 654 1
141 165 6
141 181 8
141 197 8
141 199 3
141 217 5
141 1265 5
141 1759 4
141 1789 4
141 2087 6
142 149 6
142 184 5
142 186 6
142 195 6
142 204 6
142 214 8
142 227 5
142 452 5
142 2076 7
143 144 4
143 152 5
143 155 7
143 157 7
143 162 6
143 168 4
143 170 5
143 188 6
144 152 6
144 155 4
144 157 5
144 162 6
144 178 5
144 231 4
145 169 7
145 179 7
145 206 6
145 208 8
145 210 6
146 149 7
146 182 8
146 186 7
146 195 7
146 204 7
146 227 7
146 1897 2
147 153 4
147 164 3
147 198 4
147 209 6
148 172 8
148 173 5
148 175 5
148 190 7
148 206 5
148 218 8
148 1262 6
148 1287 5
148 1289 5
149 182 7
149 186 8
149 195 8
149 204 8
149 214 6
149 227 7
149 452 5
150 154 7
150 164 7
150 187 8
150 222 8
150 223 4
150 963 7
150 1279 7
151 176 6
151 194 5
151 200 4
151 205 6
151 226 5
151 229 5
151 614 6
151 628 4
151 636 4
152 155 6
152 157 6
152 162 6
152 221 5
153 173 6
153 175 7
153 198 8
153 209 4
154 164 7
154 187 7
154 222 7
154 963 8
154 1006 3
154 1258 7
154 1279 7
154 1282 5
155 157 6
155 162 6
155 188 6
155 221 7
156 163 7
156 199 4
156 201 7
156 202 8
156 211 6
156 220 6
156 233 6
156 2078 6
157 162 7
157 170 4
157 188 5
158 183 7
158 193 7
158 1247 6
158 1250 4
158 1251 5
158 1252 7
158 1257 5
158 1266 7
158 1288 6
159 174 3
159 180 4
159 189 6
159 213 3
159 224 5
159 232 5
160 185 6
160 194 4
160 212 6
160 226 4
160 229 4
160 230 6
160 233 2
160 653 3
160 2078 2
161 166 6
161 200 4
161 203 4
161 207 5
161 219 6
161 228 7
161 2093 3
162 188 4
162 231 2
163 201 8
163 202 7
163 211 5
163 220 7
163 233 6
163 659 1
163 2078 6
164 187 7
164 222 7
164 963 7
164 1258 6
164 1279 7
165 181 6
165 197 6
165 217 6
165 656 6
165 2087 6
166 176 2
166 192 3
166 203 5
166 205 2
166 207 5
166 216 3
166 219 5
166 228 5
167 177 8
167 215 6
167 216 5
167 2074 8
167 2075 7
167 2077 7
167 2093 4
168 170 5
168 188 5
168 191 4
168 196 4
168 221 5
168 225 4
169 179 7
169 208 7
169 210 7
169 231 4
170 188 7
170 209 2
170 221 6
171 191 8
171 196 8
171 213 5
171 224 4
171 225 8
172 173 5
172 175 5
172 190 7
172 206 5
172 218 8
172 1262 6
172 1287 5
172 1289 5
173 175 7
173 198 6
173 218 5
173 1262 5
173 1277 2
174 180 7
174 189 3
174 224 3
175 190 4
175 198 7
175 209 3
175 218 5
176 194 5
176 205 8
176 219 4
176 226 5
176 229 4
176 614 5
176 636 3
177 192 4
177 203 4
177 215 6
177 216 5
177 2074 8
177 2075 7
177 2077 7
177 2093 4
178 231 5
179 206 6
179 208 7
179 210 6
180 189 4
180 224 4
180 232 4
181 197 8
181 199 3
181 217 5
181 1265 5
181 1759 4
181 1789 4
181 2087 6
182 186 7
182 195 7
182 204 7
182 227 7
182 1897 2
183 193 7
183 1247 6
183 1252 7
183 1266 7
184 214 5
184 2076 6
185 194 4
185 212 7
185 226 4
185 229 4
185 230 6
185 653 5
185 1738 3
185 1743 3
186 195 8
186 204 8
186 214 6
186 227 7
186 452 5
187 222 8
187 223 4
187 963 7
187 1258 6
187 1279 7
188 221 7
189 232 3
190 206 6
190 208 4
190 218 7
190 1262 5
190 1287 5
190 1289 5
191 196 8
191 213 5
191 224 4
191 225 8
191 232 3
192 203 5
192 215 4
192 216 6
192 625 2
192 669 1
193 1010 6
193 1247 7
193 1252 6
193 1266 8
193 1288 7
194 205 5
194 212 4
194 226 8
194 229 7
194 614 4
195 204 8
195 214 6
195 227 7
196 213 5
196 225 8
197 199 3
197 217 5
197 1265 5
197 1759 4
197 1789 4
197 2087 6
198 209 4
199 202 4
199 211 4
200 219 5
200 228 3
200 229 3
200 628 3
200 2079 4
201 202 7
201 211 5
201 220 7
201 233 6
201 2078 6
202 211 6
202 220 6
202 233 6
202 2078 6
203 207 7
203 215 6
203 216 6
203 228 5
203 2093 6
204 214 6
204 227 7
204 452 5
205 219 4
205 226 5
205 229 4
205 614 5
205 636 3
206 208 6
206 218 5
207 215 5
207 216 5
207 219 3
207 228 6
207 2093 6
208 210 6
210 231 4
211 654 2
211 666 2
212 226 4
212 229 4
212 230 6
212 651 3
212 653 5
212 1743 3
213 224 6
213 225 5
213 232 6
214 452 5
214 2076 7
215 216 6
215 228 3
215 2074 6
215 2093 6
216 625 1
216 2093 5
217 656 8
217 670 7
217 1265 5
217 1754 5
217 1759 7
218 1262 6
218 1287 5
218 1289 5
219 228 5
220 233 6
220 659 2
220 2078 6
222 223 4
222 963 7
222 1258 6
222 1279 7
222 1282 4
223 612 2
223 663 2
224 225 4
224 232 7
225 232 3
226 229 7
226 614 4
227 452 5
228 2093 4
230 653 3
230 1382 2
233 2078 7
234 248 4
234 252 2
234 253 3
234 294 3
234 334 3
234 368 2
234 373 4
235 283 1
235 383 8
235 1763 7
235 1764 5
235 1766 7
236 254 7
236 278 3
236 325 7
236 345 7
236 352 5
236 367 5
236 673 5
236 699 6
236 1021 2
237 249 5
237 264 5
237 274 5
237 285 5
237 298 7
237 340 6
237 342 5
237 349 5
237 355 6
238 243 3
238 271 7
238 613 6
238 622 6
238 626 5
238 1745 6
238 1747 6
238 1748 6
239 251 2
239 253 5
239 272 3
239 334 5
239 371 2
240 264 7
240 331 8
240 342 8
240 349 8
240 389 8
241 247 4
241 292 2
241 317 3
241 353 5
242 393 4
243 271 3
243 378 1
243 622 3
243 633 3
243 1065 2
243 1731 4
243 1747 5
243 1751 4
244 332 2
244 358 2
244 375 2
244 379 2
244 1028 2
244 1046 3
244 1058 4
245 688 5
245 1018 7
245 1047 4
245 1070 4
245 1764 2
245 1767 1
245 1771 5
246 301 8
246 323 8
246 329 7
246 360 8
246 366 8
246 368 6
246 370 7
246 394 5
247 292 6
247 382 1
247 615 4
247 638 4
247 664 4
248 250 5
248 252 4
248 269 4
248 323 2
248 368 3
248 373 6
248 394 3
249 274 7
249 298 6
249 340 5
249 359 6
249 377 7
250 252 4
250 269 6
250 276 5
250 329 2
250 350 3
250 373 6
250 394 5
251 272 4
251 299 5
251 335 3
251 371 5
252 269 5
252 307 4
252 350 4
252 373 5
253 294 5
253 304 7
253 334 6
253 354 6
253 362 5
253 388 5
254 325 7
254 345 7
254 352 5
254 367 6
254 384 4
254 699 5
255 315 5
255 328 5
255 348 5
255 374 5
255 692 4
255 1716 2
255 1722 2
255 1729 2
256 268 7
256 296 6
256 305 4
256 308 6
256 316 6
256 320 6
256 324 6
256 357 5
256 1069 6
257 319 5
257 1030 5
257 1049 6
257 1053 5
258 286 3
258 302 6
258 339 5
258 1055 5
259 275 6
259 305 6
259 364 6
259 390 1
259 1048 4
260 290 7
260 297 3
260 311 5
260 321 7
260 326 2
260 387 5
261 302 3
261 338 5
261 339 4
261 361 6
261 363 5
261 392 5
261 1055 6
261 1063 5
262 263 6
262 265 3
262 315 4
262 328 6
262 348 5
262 391 3
262 692 6
262 1061 6
262 1768 5
263 265 3
263 280 3
263 315 6
263 328 5
263 348 7
263 374 5
263 391 4
263 692 4
264 298 4
264 331 7
264 340 4
264 342 7
264 349 7
264 355 6
264 389 7
265 346 3
265 391 5
265 1034 2
265 1057 3
265 1059 4
266 267 6
266 312 6
266 341 8
266 369 5
267 312 7
267 341 6
267 369 5
268 296 7
268 308 5
268 316 6
268 320 6
268 322 4
268 324 6
268 357 6
268 1069 6
269 276 7
269 286 2
269 307 3
269 350 5
269 373 5
269 394 3
270 287 5
270 330 6
270 337 5
270 365 7
270 375 5
270 376 6
270 1037 1
271 293 3
271 613 5
271 622 6
271 626 4
271 1745 5
271 1747 6
271 1748 5
272 335 5
272 371 5
272 1062 2
273 293 5
273 314 5
273 378 4
273 380 6
273 1065 6
273 1744 3
274 285 6
274 298 6
274 336 6
274 340 4
274 359 7
274 377 8
275 305 8
275 308 6
275 364 6
275 1017 3
276 350 6
276 394 2
277 286 5
277 289 7
277 295 7
277 302 5
277 307 5
277 313 7
277 338 4
277 1036 5
277 1050 4
278 296 4
278 316 5
278 325 3
278 345 3
278 1021 7
279 280 1
279 346 4
279 635 4
279 1419 3
280 315 3
280 348 3
280 374 3
280 1414 3
280 1429 2
280 1434 4
281 310 7
281 385 5
281 682 3
281 1016 5
281 1034 7
281 1054 5
281 1057 5
281 1059 5
281 1770 4
282 300 4
282 378 1
282 633 4
283 383 1
283 677 4
283 682 6
283 689 6
283 702 6
283 1016 5
283 1054 5
283 1770 6
284 288 4
284 318 3
284 470 4
284 486 4
284 1415 3
284 1433 3
285 298 6
285 336 6
285 342 4
285 349 4
285 359 6
285 377 6
286 289 5
286 295 4
286 302 3
286 307 7
286 313 6
286 350 5
287 327 1
287 330 6
287 337 6
287 365 6
287 375 5
287 376 6
287 390 6
288 964 6
288 965 6
288 970 6
288 986 6
288 1415 4
288 1431 5
289 295 7
289 307 5
289 313 7
289 350 4
289 1036 4
290 297 4
290 311 6
290 321 6
290 326 2
290 387 5
291 309 5
291 326 5
291 347 6
291 359 4
292 613 2
292 615 4
292 624 6
292 637 5
292 638 6
292 664 6
293 351 3
293 380 4
293 1744 5
294 304 5
294 334 7
294 354 4
294 362 6
295 307 4
295 313 6
295 338 3
295 1019 2
295 1036 5
295 1050 4
296 316 6
296 320 5
296 322 4
296 324 5
296 357 6
296 1069 6
297 321 2
297 326 2
297 1056 3
298 340 6
298 342 4
298 349 4
298 377 6
299 371 2
300 633 6
300 1740 2
301 323 8
301 329 7
301 360 8
301 366 8
301 368 6
301 370 7
302 313 4
302 338 5
302 339 6
302 1036 3
302 1050 3
303 322 3
303 340 5
303 355 5
303 357 2
303 1041 2
304 334 5
304 354 6
304 362 5
304 388 6
305 308 6
305 320 4
305 324 4
305 364 6
305 1017 3
306 1030 3
306 1049 3
306 1053 3
307 313 6
307 350 6
308 316 4
308 320 5
308 324 5
308 364 6
309 326 5
309 347 7
309 354 4
310 385 6
310 1016 4
310 1034 7
310 1054 4
310 1057 5
310 1059 6
310 1770 3
311 321 5
311 369 3
311 386 2
311 387 7
312 341 6
312 369 4
313 350 4
314 378 6
314 380 4
314 687 5
314 700 4
314 1065 7
314 1070 3
315 328 6
315 348 7
315 374 6
315 692 5
315 1771 0
316 1021 5
316 1069 5
317 353 4
317 681 3
317 690 3
317 693 3
318 1411 6
318 1413 6
318 1417 5
318 1426 6
318 1430 4
319 1019 1
319 1030 3
319 1037 4
319 1049 6
319 1053 4
320 322 5
320 324 8
320 357 6
320 1041 5
321 372 2
321 387 5
322 324 5
322 357 6
322 1037 2
322 1041 6
323 329 7
323 360 8
323 366 8
323 368 6
323 370 7
324 357 6
324 1041 5
325 345 8
325 367 5
325 384 4
325 673 5
325 699 5
326 347 5
327 390 1
327 2031 1
327 2059 1
328 348 6
328 374 5
328 692 7
328 1061 7
328 1768 5
329 360 7
329 366 7
329 368 5
329 370 8
329 394 5
330 337 7
330 365 7
330 375 6
330 376 8
330 390 6
331 342 8
331 349 8
331 389 8
332 337 4
332 361 3
332 363 3
332 375 4
332 376 3
332 392 3
332 1063 3
333 351 4
333 613 3
333 615 4
333 624 5
333 626 5
333 632 6
333 637 4
333 664 5
333 1748 2
334 354 4
334 362 5
335 371 3
335 403 2
335 1028 2
335 1030 1
335 1062 4
336 359 6
336 362 2
336 377 6
336 388 3
337 365 6
337 375 6
337 376 7
337 390 5
338 339 5
338 363 4
338 392 4
338 1036 6
338 1050 6
339 1055 4
340 355 5
340 377 4
341 369 5
342 349 8
342 355 6
342 389 8
344 1069 4
345 367 5
345 384 4
345 673 5
345 699 5
345 1021 2
346 391 5
346 619 4
346 623 4
347 354 4
347 388 4
348 374 6
348 391 3
348 692 5
349 355 6
349 389 8
352 367 4
352 679 3
352 699 5
353 382 3
354 388 6
355 389 6
356 372 6
356 386 2
356 681 7
356 690 7
356 693 7
357 1041 7
357 1069 5
358 375 1
358 379 5
358 483 1
358 1067 7
359 377 7
360 366 8
360 368 6
360 370 7
360 394 5
361 363 6
361 381 1
361 392 6
361 1063 6
362 388 4
363 392 8
363 1019 3
363 1036 4
363 1050 5
363 1063 8
364 390 1
365 375 5
365 376 7
365 390 6
366 368 6
366 370 7
367 384 4
368 373 2
369 386 2
369 387 3
370 394 5
372 387 3
372 681 6
372 690 6
372 693 6
374 676 6
374 685 5
375 376 6
376 390 6
378 700 4
378 1018 1
378 1065 6
378 1070 4
379 1058 3
379 1067 4
380 1065 5
380 1732 5
380 1739 5
380 1744 5
381 1055 2
382 643 3
382 1204 4
383 674 5
383 675 5
383 680 5
383 686 5
383 1763 7
383 1764 5
383 1766 7
385 1034 6
385 1057 5
385 1059 7
385 1768 2
392 1019 3
392 1036 4
392 1050 5
392 1063 8
395 437 6
395 453 6
395 454 6
395 482 6
395 489 6
395 1505 3
395 1528 6
396 412 6
396 467 7
396 484 4
396 1460 6
396 1463 4
396 1475 4
396 1585 5
397 404 4
397 424 3
397 1449 7
397 1474 4
397 1527 6
397 1537 4
397 1546 5
397 1547 4
398 434 1
398 1586 2
399 407 6
399 413 5
399 419 8
399 457 6
399 463 3
399 483 5
400 439 6
400 469 5
400 1447 3
400 1489 6
400 1506 4
401 462 3
401 470 2
401 474 4
401 478 3
401 1420 2
401 1898 2
402 465 8
402 1506 6
403 405 4
403 466 3
403 1062 3
404 409 6
404 411 5
404 444 4
404 1474 7
404 1502 4
404 1527 5
404 1547 8
405 466 7
406 422 3
406 426 3
406 451 6
406 486 2
406 981 2
406 1000 3
406 1431 4
407 413 7
407 419 6
407 421 3
407 422 5
407 426 5
407 457 6
407 463 4
408 415 3
408 425 3
408 430 2
408 447 5
408 477 5
408 991 4
408 1380 3
408 1386 3
408 1405 5
409 411 6
409 444 6
409 1474 5
409 1534 2
409 1547 6
410 435 5
410 968 7
410 980 5
410 998 5
410 1383 7
410 1391 5
410 1565 4
411 444 6
411 1474 4
411 1502 3
411 1534 3
411 1547 5
411 1552 1
412 467 5
412 484 5
412 1407 5
412 1460 7
412 1463 5
412 1492 6
413 419 5
413 422 5
414 427 3
414 442 4
414 488 4
414 1389 4
414 1443 5
414 1486 4
414 1503 2
414 1542 4
415 430 3
415 447 5
415 464 7
415 477 5
415 481 5
415 1512 7
415 1556 4
415 1577 7
416 423 7
416 429 6
416 438 5
416 460 5
416 475 7
416 478 4
416 487 7
416 493 8
417 420 3
417 428 4
417 1408 4
418 427 6
418 1486 6
418 1503 6
418 1519 6
418 1559 5
419 457 6
419 483 5
420 428 7
420 445 6
421 422 5
421 426 6
421 474 3
421 486 4
421 1430 4
421 1433 2
422 426 5
422 457 3
422 986 1
422 1431 2
422 1433 2
423 429 6
423 438 5
423 460 4
423 475 7
423 487 6
423 493 7
423 981 2
423 1000 2
424 437 6
424 453 6
424 482 5
424 489 5
424 1449 3
424 1528 5
424 1537 7
424 1554 7
425 430 4
425 439 5
425 471 5
425 490 4
425 991 3
425 1405 4
425 1493 6
425 1504 7
426 457 4
426 463 3
426 474 3
427 1486 7
427 1503 6
427 1509 5
427 1519 6
427 1865 1
428 445 5
428 1408 2
429 438 7
429 463 3
429 475 6
429 487 7
429 493 6
429 1408 5
430 469 3
430 481 6
430 490 6
430 1493 5
430 1504 4
430 1556 6
431 446 8
432 445 0
432 1448 3
432 1539 2
432 1584 2
433 461 7
433 476 3
433 491 6
433 492 2
433 1451 3
433 1511 5
433 1536 7
433 1550 6
433 1564 6
434 1462 3
434 1566 3
435 968 4
435 1383 5
435 1391 8
435 1475 3
435 1565 6
435 1585 1
436 953 4
436 955 4
436 967 3
436 1514 2
437 453 7
437 454 8
437 482 7
437 489 6
437 1528 6
437 1537 5
437 1554 6
438 463 4
438 487 6
438 493 5
438 1408 5
439 469 5
439 471 4
439 490 5
439 1489 5
439 1493 6
439 1504 5
440 443 6
440 483 6
441 448 2
441 458 4
441 494 1
442 479 5
442 488 7
442 1389 5
442 1443 6
442 1516 5
442 1542 7
443 483 7
444 472 2
444 1534 4
444 1547 4
447 464 5
447 477 7
448 494 1
449 459 4
449 462 3
449 994 5
450 704 2
451 486 2
451 981 3
451 986 1
451 1000 5
451 1148 2
451 1228 4
451 1234 5
451 1431 3
452 479 2
452 1454 2
453 455 5
453 482 7
453 489 7
453 1528 7
453 1537 5
453 1554 7
454 482 7
455 476 2
455 482 4
455 489 6
455 1528 4
455 1554 5
455 1558 2
456 473 2
456 494 5
456 1003 3
456 1828 4
457 463 3
457 964 2
457 970 2
458 485 4
458 1395 4
458 1400 4
458 1401 4
458 1403 3
459 462 5
459 478 1
460 474 3
460 475 4
460 478 6
460 487 5
460 493 5
461 484 0
461 491 5
461 1511 5
461 1536 6
461 1550 6
461 1564 6
462 478 3
462 1898 3
463 487 3
464 481 4
464 1512 6
464 1540 6
464 1577 7
465 1506 6
467 468 2
467 1460 5
467 1463 4
467 1475 5
467 1585 6
468 492 6
468 1451 5
468 1452 7
468 1522 6
468 1543 4
468 1555 2
468 1585 4
469 490 5
469 1399 3
469 1404 3
469 1489 5
469 1493 4
470 474 3
470 485 1
470 486 6
470 1433 4
471 991 3
471 1405 3
471 1447 5
471 1461 6
471 1484 5
471 1493 4
471 1504 5
472 476 3
472 492 3
472 1534 5
472 1543 4
472 1551 5
472 1555 7
472 1575 4
473 1791 4
473 1828 3
474 478 3
474 486 3
475 487 6
475 493 7
476 1534 3
476 1555 4
476 1558 6
477 1011 3
477 1512 4
477 1556 4
478 487 4
478 493 4
479 488 6
479 1389 6
479 1392 5
479 1443 7
479 1454 7
479 1516 6
479 1542 4
480 1467 4
480 1482 7
480 1515 3
480 1520 6
480 1544 5
480 1552 5
480 1574 5
481 490 4
481 1512 6
482 489 6
482 1537 4
482 1554 6
484 1402 4
484 1407 5
484 1460 4
484 1492 7
485 1417 2
485 1433 4
486 1430 3
486 1431 2
486 1433 4
487 493 7
488 1389 6
488 1392 4
488 1443 7
488 1489 1
488 1516 6
488 1542 6
489 1528 6
489 1554 6
490 1489 4
490 1493 6
490 1504 5
490 1556 4
491 1536 6
491 1564 5
492 1452 6
492 1522 5
492 1550 4
492 1555 3
493 981 1
494 1427 3
495 497 3
495 503 4
495 510 3
495 523 3
495 538 4
495 541 7
495 1957 5
495 1958 4
495 1961 5
496 502 7
496 508 6
496 513 1
496 528 5
496 551 6
496 553 2
496 554 4
496 1923 3
497 499 6
497 511 7
497 538 4
497 539 6
497 541 4
497 711 2
497 1942 5
497 1957 6
498 505 8
498 535 5
498 542 7
498 545 8
498 1939 4
499 511 7
499 539 8
499 1942 7
499 1967 6
500 509 6
500 519 5
500 520 6
500 544 7
500 549 5
500 1920 7
500 1926 7
500 1950 5
501 506 3
501 514 3
501 547 6
501 1968 4
502 508 6
502 528 4
502 551 6
502 553 2
502 554 5
502 1923 4
503 510 6
503 523 6
503 541 3
503 1911 5
503 1955 5
503 1961 7
503 1965 1
503 1971 5
504 526 7
504 537 6
504 552 7
504 1948 7
504 1954 6
504 1976 4
505 515 5
505 535 5
505 537 5
505 542 7
505 545 8
505 552 5
505 1939 4
505 1948 4
506 514 6
506 524 4
506 1930 2
507 518 5
507 525 5
507 531 7
507 536 4
507 546 4
507 729 4
507 753 3
507 755 4
507 1597 4
508 528 3
508 551 6
508 553 4
508 554 4
509 519 7
509 520 8
509 522 4
509 530 5
509 544 5
509 549 7
509 1920 6
509 1926 6
510 523 8
510 535 2
510 1911 5
510 1955 5
510 1961 6
510 1971 6
510 1980 3
511 539 7
511 1942 6
511 1957 6
511 1967 5
512 516 6
512 517 4
512 540 1
512 555 5
513 519 5
513 522 8
513 528 4
513 530 7
513 549 5
513 762 0
514 524 3
515 526 5
515 535 3
515 537 7
515 545 5
515 552 6
515 1948 7
515 1954 5
515 1959 3
516 517 2
516 540 2
516 555 3
517 547 5
517 555 7
517 1919 5
517 1964 5
517 1968 5
518 525 6
518 533 1
518 536 7
518 546 5
519 520 7
519 522 5
519 530 6
519 549 8
519 1920 5
519 1926 5
520 522 4
520 530 5
520 544 5
520 549 7
520 1920 6
520 1926 6
521 532 7
521 533 4
521 543 5
521 708 4
521 720 6
521 744 5
521 751 5
521 752 5
522 528 4
522 530 7
522 549 5
523 535 2
523 1911 5
523 1955 5
523 1961 6
523 1971 6
523 1980 3
524 547 2
524 1930 5
524 1958 3
525 536 6
525 546 4
525 553 2
526 537 5
526 542 4
526 552 7
526 1948 6
526 1954 6
526 1976 4
527 540 3
527 1910 7
527 1928 4
527 1932 6
527 1952 5
528 530 3
528 554 4
528 1923 2
529 533 5
529 729 3
529 751 5
529 1604 6
529 1617 5
530 549 6
531 729 5
531 755 5
531 1597 5
531 1619 3
532 533 5
532 543 4
532 546 3
532 708 5
532 720 6
532 744 4
532 751 6
533 546 4
533 708 5
533 751 7
533 1604 5
533 1617 7
534 544 1
534 548 5
534 550 2
534 1953 2
535 537 3
535 545 5
535 1939 4
535 1980 3
536 546 5
537 545 5
537 552 6
537 1948 7
537 1959 2
538 539 4
538 541 5
538 550 4
538 1949 4
538 1953 3
538 1957 4
539 541 3
539 1942 7
539 1949 4
539 1957 5
539 1967 6
540 1928 6
540 1932 4
540 1937 5
540 1952 6
541 1957 6
541 1958 4
541 1961 4
542 545 7
542 552 5
542 1939 4
543 744 6
543 752 6
543 1629 4
544 548 2
544 1920 7
544 1926 7
544 1950 5
545 552 5
545 1939 4
545 1948 4
546 753 3
546 1604 3
547 555 4
547 1930 3
547 1964 5
547 1968 6
548 1920 1
549 1920 5
549 1926 5
550 1908 4
550 1953 4
550 1965 3
551 554 5
552 1948 7
552 1954 5
554 1913 2
554 1916 3
554 1974 2
555 1919 5
555 1964 5
557 571 5
557 576 4
557 577 4
557 1680 2
557 2002 5
557 2020 8
557 2024 5
558 589 2
558 601 5
558 1666 7
558 1695 5
559 560 4
559 567 5
559 585 5
559 607 5
559 1352 5
559 1376 3
559 1672 6
560 585 7
560 594 5
560 1672 4
561 609 3
561 764 6
561 777 3
561 788 2
561 1346 7
561 1673 6
561 1694 2
562 573 4
562 582 7
562 800 4
562 1670 4
563 583 5
563 605 5
563 1351 6
563 1356 6
563 1361 3
563 1657 6
564 569 4
564 608 6
564 797 6
564 1646 8
564 1665 5
564 1675 5
564 1686 6
564 1688 6
564 2000 6
565 611 3
565 765 4
565 789 4
565 1649 3
565 1683 4
566 773 7
566 800 6
566 805 6
566 1368 8
566 1653 2
566 1664 7
566 1670 6
567 607 4
567 1352 5
567 1372 3
567 1672 4
568 583 6
568 601 7
568 605 6
568 1351 5
568 1657 5
568 1666 4
568 1695 7
569 769 5
569 795 0
569 1374 4
569 1646 4
569 1665 7
569 1674 3
569 1675 4
569 1686 5
570 576 3
570 590 4
570 1364 3
570 1668 2
571 577 7
571 604 4
571 1653 3
571 1658 5
571 1691 3
571 2020 5
572 587 3
572 1360 2
572 1652 2
572 1654 2
572 1986 6
573 582 3
573 766 6
573 770 5
574 1647 5
574 1681 5
574 1682 4
574 2008 5
574 2028 3
575 767 6
575 783 5
575 1645 5
576 590 5
576 2002 6
576 2020 4
576 2024 4
577 604 5
577 606 4
577 1653 3
577 1658 6
577 2020 4
578 782 4
578 784 5
578 1649 7
578 1676 5
579 590 5
579 1338 4
579 1350 4
579 1678 5
579 1696 4
579 2002 3
580 586 6
580 603 3
580 785 7
580 813 6
580 1674 4
580 1699 3
580 2029 5
581 602 2
581 772 2
581 1337 5
581 1348 4
581 1362 6
581 1677 3
581 1998 3
581 2014 5
582 1340 2
583 601 5
583 605 8
583 1351 7
583 1657 7
583 1695 5
584 593 4
584 599 3
584 600 5
584 1687 3
584 1988 4
584 1994 5
584 2019 5
585 594 4
586 785 7
586 813 8
586 1655 7
586 1669 5
586 2029 6
587 773 4
587 805 4
587 1654 7
587 1664 4
587 1670 5
587 2015 7
588 596 5
588 602 5
588 603 5
588 802 5
588 1699 5
588 1987 6
588 1995 4
589 1648 3
589 1666 3
589 1697 6
589 2008 3
590 1678 3
590 2002 3
591 780 4
591 1349 5
591 1365 6
591 1373 5
591 1991 1
592 609 1
592 1359 4
592 1366 0
592 1371 3
592 1990 4
592 2005 4
592 2016 3
593 600 6
593 1341 4
593 1659 4
593 1687 4
593 1985 5
593 1994 5
593 2011 6
594 796 3
594 1345 3
594 1375 5
595 610 6
595 775 6
595 795 6
595 806 6
595 1343 4
595 1667 4
595 1690 5
596 602 5
596 772 5
596 802 5
596 1669 5
596 1987 5
597 799 2
597 1367 6
597 1700 2
598 796 7
598 807 6
598 1345 7
598 1361 2
598 1375 5
598 1376 4
599 1342 3
599 1985 5
599 1994 3
599 2025 7
600 1341 6
600 1650 5
600 1687 3
600 1994 4
600 2011 7
601 605 5
601 1351 4
601 1666 5
601 1695 7
602 772 6
602 802 5
602 1667 2
602 1987 4
603 1689 6
603 1699 7
603 1987 5
603 1995 6
604 606 5
604 779 5
604 1658 5
604 2017 0
605 1351 7
605 1657 7
605 1695 5
606 779 6
606 793 3
606 1658 5
606 1688 2
606 1691 3
607 1352 7
607 1376 3
607 1672 4
607 2001 6
607 2027 5
608 1646 6
608 1675 5
608 1686 4
608 1688 7
608 2000 5
609 764 5
609 798 1
609 1346 3
609 1367 2
609 1673 4
610 775 4
610 795 5
610 806 5
610 1667 3
610 1689 4
611 765 5
611 786 5
611 789 7
611 1355 4
611 1372 5
611 1692 6
611 1693 5
612 621 4
612 633 2
612 662 1
612 1740 5
612 1757 4
612 1761 6
613 615 5
613 622 6
613 626 6
613 1745 5
613 1748 5
614 628 4
614 634 3
614 636 6
614 641 5
615 622 3
615 626 5
615 632 4
615 664 5
616 630 8
616 645 8
616 650 8
616 655 8
616 658 7
616 662 7
616 668 4
616 671 8
616 1756 6
617 625 3
617 629 3
617 636 3
617 641 4
617 665 4
617 1388 5
617 1397 6
618 640 6
618 648 6
618 651 6
618 661 5
618 1263 2
618 1738 6
618 1743 6
618 1781 1
619 620 6
619 623 8
619 657 6
619 672 5
619 1762 7
620 623 6
620 627 3
620 635 4
620 639 6
620 642 5
620 657 8
620 667 7
620 1762 6
621 643 3
621 647 3
621 649 4
621 663 3
621 1740 3
621 1757 6
621 1761 3
622 626 5
622 633 2
623 657 6
623 667 5
623 672 5
623 1762 7
624 626 3
624 632 6
624 637 7
624 638 8
624 664 7
625 629 6
625 652 6
625 665 6
625 669 7
625 1387 5
625 1388 6
626 632 4
626 1748 4
627 631 6
627 635 6
627 639 4
627 667 3
627 1749 8
627 1758 7
628 636 5
628 641 4
628 1435 3
628 2079 2
629 652 8
629 665 7
629 669 7
629 1387 6
629 1388 6
629 1853 4
630 645 8
630 650 8
630 655 8
630 658 7
630 662 7
630 668 4
630 671 8
630 1756 6
631 635 4
631 1749 6
631 1756 3
631 1758 5
632 637 5
632 638 6
632 664 6
633 1740 4
633 1761 4
634 636 5
634 641 6
634 665 3
635 639 4
635 657 4
635 667 4
635 1749 6
635 1758 6
636 641 7
637 638 7
637 664 7
637 1437 2
638 664 7
639 642 6
639 657 6
639 667 7
639 1762 4
640 648 7
640 651 6
640 653 4
640 659 5
640 661 5
640 1738 6
640 1743 6
641 665 3
641 1388 2
642 657 5
642 667 6
642 672 4
642 1741 2
642 1762 6
643 644 4
643 646 6
643 647 7
643 649 6
644 647 3
644 649 2
644 982 3
645 650 8
645 655 8
645 658 7
645 662 7
645 668 4
645 671 8
645 1756 6
646 647 7
646 649 6
646 979 1
647 649 7
648 651 7
648 653 5
648 661 5
648 1738 7
648 1743 7
649 1757 3
650 655 8
650 658 7
650 662 7
650 671 8
651 653 6
651 661 5
651 1738 8
651 1743 8
652 665 7
652 669 7
652 1387 6
652 1388 6
652 1853 4
653 1738 6
653 1743 6
654 661 2
654 666 7
654 1243 5
654 1273 6
654 1284 4
655 658 7
655 662 7
655 668 4
655 671 8
655 1756 6
656 670 7
656 1754 5
656 1759 7
657 667 7
657 1762 6
658 662 7
658 671 7
658 966 0
659 1799 3
659 1883 3
660 1735 7
660 1736 7
660 1737 7
660 1742 7
660 1746 7
660 1753 7
660 1755 7
660 1760 7
661 1272 1
661 1273 2
661 1738 5
661 1743 5
662 671 7
662 1756 5
665 669 6
665 1387 5
665 1388 7
666 1243 4
666 1265 0
666 1273 5
666 1284 4
667 1762 5
668 671 4
668 1735 4
668 1737 3
668 1742 4
668 1746 3
669 1387 6
669 1388 6
669 1853 4
670 1754 6
670 1759 7
671 1756 6
672 1741 4
672 1760 1
672 1762 6
673 679 3
673 699 7
673 701 1
674 675 5
674 677 5
674 680 6
674 686 5
674 689 3
674 702 3
674 1763 6
674 1766 6
675 680 7
675 681 4
675 686 8
675 690 4
675 693 5
675 1763 5
675 1766 5
676 685 7
676 692 3
677 680 3
677 682 5
677 689 6
677 702 5
677 1766 3
677 1770 4
678 684 4
678 688 3
678 700 5
678 1018 5
678 1047 4
678 1070 5
678 1765 5
678 1771 6
679 681 4
679 690 4
679 699 4
680 686 7
680 690 3
680 693 4
680 1763 5
680 1766 6
681 686 4
681 690 8
681 693 7
682 689 7
682 702 7
682 1016 6
682 1054 6
682 1770 7
683 691 5
683 1416 4
683 1423 3
683 1437 5
684 701 3
684 1026 4
684 1765 7
684 1767 5
684 1773 4
685 1434 3
686 690 4
686 693 5
686 1763 5
686 1766 5
687 700 7
688 1018 5
688 1047 4
688 1764 4
689 702 7
689 1016 5
689 1054 5
689 1770 6
690 693 7
691 698 0
691 1416 5
691 1423 5
691 1424 2
691 1437 5
692 1061 7
692 1768 5
694 979 6
694 1491 6
694 1541 6
697 1057 3
700 1065 3
700 1070 6
700 1771 5
701 1035 3
701 1044 3
701 1767 4
701 1773 3
702 1016 5
702 1054 5
702 1763 1
702 1770 6
705 706 4
707 732 5
707 757 5
707 1615 5
707 1620 4
707 1626 7
707 1635 7
708 716 3
708 720 6
708 751 6
708 753 2
708 1604 6
708 1617 6
709 724 8
709 734 5
709 737 6
709 739 5
709 748 5
709 1592 6
709 1605 6
709 1613 8
709 1614 8
710 712 4
710 727 6
710 747 4
710 760 6
710 1611 4
710 1637 6
710 1639 4
710 1643 5
711 1609 4
712 723 3
712 738 4
712 760 3
712 761 7
712 1594 3
712 1611 8
712 1637 5
712 1639 8
713 736 5
713 742 5
713 1591 6
713 1616 5
713 1618 6
713 1619 4
713 1641 7
713 1644 5
714 726 4
714 740 6
714 747 3
714 763 5
714 1588 3
714 1596 3
714 1601 4
714 1625 3
715 741 6
715 746 4
715 754 3
715 1589 5
715 1631 5
715 1636 4
715 1642 4
715 1966 2
716 720 3
716 742 3
716 744 3
716 753 5
716 759 2
716 1597 3
716 1604 3
716 1644 2
717 723 5
717 738 5
717 749 5
717 750 6
717 1621 2
717 1622 3
718 719 3
718 725 5
718 740 1
718 741 4
718 746 6
718 754 4
718 1627 4
718 1636 5
719 725 6
719 756 3
719 1624 6
719 1627 4
719 1630 3
720 744 5
720 751 5
720 752 5
720 1604 4
721 728 5
721 1589 4
721 1600 7
721 1627 4
721 1631 5
721 1642 6
721 1936 6
721 1937 4
722 731 5
722 736 4
722 762 6
722 1602 8
722 1603 5
722 1607 3
722 1632 8
723 738 7
723 749 7
723 750 3
723 761 3
723 1587 1
723 1611 3
723 1622 4
724 734 5
724 737 6
724 739 5
724 748 5
724 1592 6
724 1605 6
724 1613 8
724 1614 8
725 746 4
725 1624 4
725 1627 4
725 1628 2
725 1636 4
726 740 4
726 754 1
726 758 5
726 1601 6
726 1625 6
727 747 6
727 760 7
727 1606 4
727 1643 6
728 730 3
728 756 2
728 1600 5
728 1642 3
728 1928 3
728 1936 6
728 1937 5
729 753 4
729 755 7
729 1597 6
730 756 7
730 1623 6
730 1910 3
731 759 5
731 1602 5
731 1603 8
731 1616 6
731 1618 5
731 1632 5
731 1641 4
731 1644 4
732 743 4
732 757 4
732 758 6
732 1601 4
732 1608 6
732 1612 5
732 1625 5
732 1626 5
733 739 3
733 748 3
733 1590 4
733 1595 5
733 1598 6
733 1621 6
733 1634 6
734 737 7
734 1594 5
734 1605 7
734 1613 5
734 1614 5
734 1640 6
735 1590 5
735 1595 7
735 1598 6
735 1599 7
735 1607 5
735 1634 6
736 1591 6
736 1602 4
736 1616 6
736 1618 5
736 1641 6
737 1594 4
737 1605 8
737 1613 6
737 1614 6
737 1640 5
738 749 6
738 750 3
738 761 4
738 1611 4
738 1622 3
738 1639 4
739 748 8
739 750 3
739 1592 6
739 1613 5
739 1614 5
739 1621 3
740 763 4
740 1588 3
740 1601 4
740 1628 3
741 746 6
741 754 4
741 1589 7
741 1627 5
741 1631 6
741 1636 6
741 1642 5
742 753 3
742 1597 4
742 1618 4
742 1619 6
742 1641 4
742 1644 6
743 758 5
743 1596 6
743 1608 4
743 1612 7
743 1625 5
743 1637 3
743 1643 4
744 752 8
744 759 2
744 1629 4
745 757 4
745 1587 8
745 1609 6
745 1610 7
745 1620 5
745 1622 5
745 1638 6
746 754 5
746 1589 5
746 1627 4
746 1636 7
747 760 5
747 763 4
747 1606 5
747 1643 6
748 750 3
748 1592 6
748 1613 5
748 1614 5
749 750 3
749 1609 3
749 1622 5
750 1590 2
750 1592 2
750 1621 4
751 1604 6
751 1617 8
752 759 2
752 1629 4
753 1597 5
753 1604 3
753 1644 2
754 1615 3
754 1636 5
755 1597 7
755 1619 5
756 1623 6
756 1624 4
756 1910 2
757 758 2
757 1608 5
757 1610 4
757 1620 6
757 1626 5
757 1638 6
758 1596 6
758 1601 5
758 1608 5
758 1612 6
758 1625 7
759 1602 4
759 1603 5
759 1616 4
759 1632 4
760 1606 5
760 1637 4
760 1639 3
760 1640 2
760 1643 5
761 1594 4
761 1611 7
761 1637 4
761 1639 7
762 1602 6
762 1607 3
762 1629 4
762 1632 6
763 1588 5
763 1593 4
763 1628 4
764 1346 6
764 1663 1
764 1673 5
765 782 4
765 783 5
765 786 5
765 789 6
765 1683 7
766 770 6
767 783 6
767 786 5
767 1645 5
768 777 3
768 805 2
768 812 6
768 1340 5
768 1360 5
768 1652 3
768 1694 4
769 797 6
769 1665 5
769 1674 5
769 1686 6
770 779 1
770 800 5
771 776 5
771 794 3
771 803 8
771 809 4
771 1344 1
771 1370 5
772 790 4
772 802 5
773 800 6
773 805 7
773 1368 7
773 1654 5
773 1664 7
773 1670 6
773 1694 2
774 794 3
774 811 8
774 1339 5
775 776 5
775 790 2
775 795 6
775 806 6
775 1343 5
775 1667 4
775 1690 6
776 795 4
776 803 5
776 806 4
776 1343 5
776 1370 6
776 1690 6
777 812 5
777 1346 2
777 1360 5
777 1366 3
777 1673 5
777 1694 6
778 792 2
778 801 3
778 808 3
778 810 6
779 793 3
780 1349 6
780 1355 4
780 1365 4
780 1373 6
780 1645 5
780 1692 3
780 1693 3
781 796 3
782 784 3
782 1649 4
782 1683 5
783 786 6
783 1683 5
784 1649 4
784 1676 6
785 813 7
785 1674 3
786 789 6
786 1683 5
786 1692 4
786 1693 4
787 788 6
787 1350 6
788 1338 6
788 1346 3
788 1350 6
788 1696 5
789 1372 4
789 1683 5
789 1692 5
789 1693 5
790 1348 3
790 1362 4
791 1336 3
791 1353 7
791 1659 5
791 1687 5
792 810 3
793 1354 6
793 1363 6
793 1369 6
793 1658 4
793 1691 6
794 803 3
794 809 6
794 811 3
795 806 7
796 807 5
796 1345 6
796 1375 5
797 1646 6
797 1686 7
798 808 2
799 1367 3
799 2010 3
800 805 5
800 1368 6
801 808 8
801 810 2
802 806 2
802 1667 2
803 809 4
803 1370 5
805 1654 5
805 1664 6
805 1670 5
806 1343 4
806 1667 5
807 1345 7
807 1376 6
807 1672 3
808 810 2
808 1377 4
811 1339 5
812 1340 4
812 1360 7
812 1366 4
812 1652 4
812 1694 4
813 1655 7
813 1669 5
813 2029 6
814 822 6
814 825 7
814 865 6
814 872 5
815 825 3
815 859 6
815 872 5
815 905 4
816 830 6
816 844 7
816 853 7
816 912 6
816 923 7
816 939 7
817 818 5
817 846 4
817 850 5
817 867 7
817 889 7
817 893 5
817 897 7
817 942 6
818 850 8
818 867 5
818 893 8
818 897 6
818 921 4
818 928 6
819 835 5
819 840 4
819 868 5
819 894 7
819 910 5
819 911 6
819 918 7
819 929 7
819 931 4
820 837 4
820 838 5
820 839 6
820 866 6
820 946 6
821 846 5
821 879 7
821 887 7
821 891 7
821 936 6
821 942 6
822 825 6
822 865 4
822 912 6
822 922 5
822 923 5
822 939 5
823 826 7
823 834 4
823 847 4
823 864 7
823 867 1
823 870 6
823 908 7
824 851 1
824 896 7
824 902 7
824 913 7
824 927 7
824 938 6
825 865 5
825 872 6
825 912 4
826 847 5
826 864 7
826 870 6
826 908 7
826 952 4
827 833 4
827 880 5
827 898 7
827 904 7
827 909 7
827 921 4
827 943 7
828 873 3
828 876 8
828 886 6
828 899 5
828 906 6
828 907 5
829 852 5
829 854 8
829 901 7
829 905 5
829 915 6
830 844 7
830 853 7
830 863 5
830 875 7
830 912 6
830 922 6
830 923 7
830 939 7
831 832 7
831 840 7
831 910 6
831 914 6
831 918 4
831 929 3
831 931 7
831 934 3
831 941 6
832 840 6
832 892 4
832 910 5
832 914 7
832 931 6
832 934 4
832 941 7
833 850 4
833 893 4
833 897 2
833 898 3
833 909 5
833 921 7
833 928 6
833 943 4
834 835 3
834 868 3
834 870 2
834 936 3
835 868 8
835 870 2
835 894 6
835 911 6
835 929 5
836 865 4
836 950 5
837 838 7
837 839 5
837 852 5
837 854 5
837 857 6
837 866 6
837 901 5
837 946 6
838 839 6
838 854 4
838 857 5
838 866 7
838 901 5
838 946 7
839 866 6
839 901 4
839 946 6
840 910 7
840 914 5
840 918 5
840 929 4
840 931 8
840 941 5
841 881 5
841 924 5
841 933 5
841 949 5
842 895 5
843 920 7
844 853 8
844 863 6
844 903 4
844 922 7
844 923 7
844 939 7
845 848 3
845 855 6
845 874 5
845 883 7
845 919 3
845 932 6
845 951 6
846 879 4
846 889 4
846 942 5
847 864 4
847 870 6
847 908 5
847 952 5
848 856 5
848 857 2
848 883 2
848 900 5
848 919 7
848 944 7
849 851 5
849 860 8
849 862 7
849 884 7
849 885 8
849 890 6
849 935 7
849 940 7
850 867 5
850 889 4
850 893 8
850 897 6
850 921 4
850 928 6
851 860 5
851 885 5
851 890 7
851 902 1
851 933 5
851 940 5
852 854 5
852 856 5
852 857 5
852 900 4
853 863 6
853 903 4
853 912 6
853 922 7
853 923 7
853 939 7
854 901 7
854 905 5
854 915 6
855 874 6
855 883 6
855 930 4
855 932 6
855 951 8
856 900 6
856 919 5
856 944 6
857 866 5
857 900 5
857 946 5
858 871 6
858 886 5
858 899 6
858 906 5
858 907 6
858 917 5
858 925 5
858 937 5
858 947 7
859 872 3
859 905 6
860 862 7
860 884 7
860 885 8
860 890 6
860 935 7
860 940 7
861 869 8
861 892 7
861 895 5
861 914 4
861 934 7
861 941 4
861 945 8
861 948 7
862 884 8
862 885 7
862 935 7
863 903 6
863 912 4
863 922 6
863 935 2
863 939 5
863 940 2
864 870 5
864 908 6
865 872 5
865 950 3
866 901 4
866 946 8
867 889 6
867 893 5
867 897 7
867 936 3
867 942 5
868 894 6
868 911 6
868 918 4
868 929 5
869 892 7
869 895 5
869 934 7
869 945 8
869 948 7
870 908 7
870 911 2
870 952 6
871 899 4
871 907 4
871 917 7
871 925 7
871 930 4
871 937 6
871 947 7
873 876 3
874 878 3
874 883 5
874 932 6
874 951 6
876 886 6
876 899 5
876 906 6
876 907 5
877 882 8
877 888 2
877 924 2
878 920 3
879 887 8
879 891 8
879 936 7
880 896 5
880 898 6
880 904 6
880 913 5
880 916 7
880 926 6
880 927 5
880 943 5
881 924 5
881 949 6
882 924 2
883 932 7
883 951 6
884 885 7
884 903 4
884 935 7
884 940 7
885 890 6
885 903 3
885 935 7
885 940 7
886 899 7
886 906 8
886 907 7
886 947 4
887 889 4
887 891 8
887 936 7
887 942 5
888 902 3
888 926 5
889 893 4
889 897 6
889 936 4
889 942 7
890 933 5
890 935 5
890 940 6
891 936 7
892 914 5
892 934 8
892 941 5
892 945 7
892 948 6
893 897 6
893 921 4
893 928 6
894 910 4
894 911 6
894 918 6
894 929 7
895 948 6
896 902 6
896 913 8
896 916 6
896 927 8
896 938 7
897 936 3
897 942 5
898 904 8
898 909 6
898 916 5
898 926 5
898 943 7
899 906 7
899 907 8
899 947 5
900 919 5
900 944 6
901 905 5
901 915 6
901 946 4
902 913 6
902 926 4
902 927 6
902 938 6
903 922 4
903 935 4
903 940 4
904 909 6
904 916 5
904 926 5
904 927 3
904 943 7
905 915 5
906 907 7
907 937 3
907 947 5
908 952 5
909 921 5
909 928 3
909 943 7
910 918 6
910 929 5
910 931 7
910 941 4
911 918 5
911 929 6
911 952 4
912 922 6
912 923 7
912 939 7
913 916 6
913 926 5
913 927 8
913 938 7
914 931 5
914 934 5
914 941 8
915 950 1
916 926 6
916 927 6
916 938 5
916 943 4
917 925 8
917 937 6
917 947 6
918 929 7
918 931 5
919 944 7
921 928 6
921 943 4
922 923 7
922 939 7
923 939 8
924 933 3
924 949 4
925 930 5
925 937 6
925 947 6
926 927 5
926 943 4
927 938 7
930 937 3
930 947 3
930 951 4
931 941 5
932 951 6
934 941 5
934 945 7
934 948 6
935 940 7
936 942 5
937 947 6
945 948 7
953 955 7
953 967 5
953 977 3
953 993 4
954 961 3
954 983 5
954 987 8
954 1122 4
954 1131 5
954 1153 4
954 1198 3
954 1223 5
954 1421 5
955 967 6
955 977 2
955 993 4
955 1005 1
956 1008 5
957 1058 1
958 962 6
958 974 4
958 976 5
958 977 2
959 965 3
959 967 2
959 1005 4
959 1009 4
959 1013 3
959 1415 4
960 969 6
960 998 6
960 1004 7
960 1390 6
960 1396 7
960 1455 5
960 1507 5
961 982 3
961 1001 8
961 1096 6
961 1198 5
962 974 3
962 976 4
962 977 2
963 1258 7
963 1279 7
963 1282 5
964 965 7
964 970 8
964 986 6
964 1013 7
964 1234 5
964 1431 5
965 970 7
965 986 6
965 1013 8
965 1234 5
965 1431 5
966 1006 6
966 1267 5
966 1282 5
967 977 3
967 1005 3
967 1009 3
968 980 6
968 998 6
968 1004 4
968 1383 6
968 1390 5
968 1391 4
968 1396 4
969 988 1
969 998 5
969 1004 7
969 1390 5
969 1396 6
969 1507 5
969 1583 3
970 986 6
970 1013 7
970 1234 5
970 1431 5
971 973 7
971 984 7
971 988 8
971 990 7
971 1517 7
971 1578 7
971 1583 6
972 993 5
972 1007 7
973 984 8
973 985 7
973 988 7
973 990 8
973 1469 5
973 1517 8
973 1578 8
974 978 2
975 978 5
975 989 6
975 1002 6
976 977 5
978 989 5
978 1002 5
979 1491 4
979 1541 4
980 998 7
980 1004 5
980 1383 5
980 1390 7
980 1394 4
980 1396 6
981 1000 5
981 1090 3
981 1101 3
981 1228 5
982 1001 3
982 1121 4
983 987 5
983 1119 5
983 1421 7
984 985 7
984 988 7
984 990 8
984 1469 5
984 1517 8
984 1578 8
984 1583 5
985 988 6
985 990 7
985 1394 2
985 1469 5
985 1517 7
985 1578 7
985 1583 4
986 1013 6
986 1415 4
986 1431 6
987 1421 5
988 990 7
988 1517 7
988 1578 7
988 1583 6
989 1002 8
990 1469 5
990 1517 8
990 1578 8
991 1011 5
991 1380 7
991 1385 6
991 1386 6
991 1405 7
991 1461 5
992 1733 2
993 1007 4
993 1169 2
994 1380 5
994 1385 6
994 1399 4
995 1003 2
995 1402 1
995 1407 3
995 1807 4
995 1862 5
996 1406 5
996 1479 5
996 1485 7
996 1488 4
996 1560 4
996 1783 4
997 1012 7
997 1250 5
997 1257 6
997 1259 3
998 1004 6
998 1383 4
998 1390 7
998 1396 6
999 1014 4
999 1253 6
999 1272 6
999 1274 5
999 1280 6
1000 1228 5
1000 1234 3
1001 1096 6
1002 1185 5
1003 1407 2
1004 1390 6
1004 1396 7
1004 1507 5
1005 1009 8
1005 1105 2
1005 1415 2
1005 1432 4
1006 1258 4
1006 1260 5
1006 1267 6
1006 1277 1
1006 1282 6
1008 1014 3
1008 1801 2
1008 1827 2
1008 1899 4
1009 1415 2
1009 1432 4
1010 1245 2
1010 1247 7
1010 1250 5
1010 1266 6
1010 1281 4
1010 1288 7
1011 1380 5
1011 1385 4
1011 1386 7
1011 1406 4
1011 1500 5
1012 1251 4
1012 1257 7
1014 1253 5
1014 1263 4
1014 1899 3
1015 1019 1
1015 1037 5
1015 1041 5
1016 1034 4
1016 1054 8
1016 1770 7
1017 1025 4
1017 1042 5
1017 1048 7
1017 1051 2
1017 1064 7
1018 1047 5
1018 1070 5
1018 1767 1
1018 1771 6
1019 1036 4
1019 1037 2
1019 1046 4
1019 1050 4
1021 1027 3
1023 1033 6
1023 1038 5
1023 1039 4
1023 1066 4
1023 1705 2
1023 1769 4
1023 1772 4
1023 1774 5
1024 1068 3
1025 1042 7
1025 1048 4
1025 1064 5
1026 1029 4
1026 1040 4
1026 1042 2
1026 1765 3
1026 1767 6
1026 1773 7
1028 1030 5
1028 1046 1
1028 1053 4
1028 1062 3
1029 1035 6
1029 1040 7
1029 1044 5
1029 1045 6
1029 1056 6
1029 1773 5
1030 1049 5
1030 1053 6
1031 1052 1
1032 1071 7
1032 1275 6
1032 1291 5
1032 1478 2
1033 1038 3
1033 1066 4
1033 1705 3
1033 1715 2
1033 1721 2
1033 1769 4
1033 1772 2
1033 1774 7
1034 1054 4
1034 1057 6
1034 1059 6
1035 1040 5
1035 1044 7
1035 1045 8
1035 1056 7
1035 1060 3
1035 1767 3
1035 1773 5
1036 1050 7
1038 1039 7
1038 1711 4
1038 1713 4
1038 1717 4
1038 1730 4
1038 1772 7
1038 1774 2
1039 1707 5
1039 1772 8
1040 1045 5
1040 1056 5
1040 1064 1
1040 1767 3
1040 1773 5
1042 1048 5
1042 1064 6
1043 1275 5
1043 1291 4
1044 1045 7
1044 1056 6
1044 1060 4
1045 1056 7
1045 1060 3
1045 1773 5
1046 1058 3
1047 1061 2
1047 1070 4
1047 1771 6
1048 1064 6
1049 1053 6
1050 1063 5
1051 1064 2
1051 1069 5
1054 1770 7
1056 1060 3
1057 1059 6
1058 1062 4
1061 1768 6
1065 1070 3
1066 1752 3
1066 1769 4
1066 1774 5
1070 1771 6
1071 1478 3
1072 1098 7
1072 1100 7
1072 1113 7
1072 1126 5
1072 1150 5
1072 1155 7
1072 1186 6
1072 1227 6
1072 1235 5
1073 1133 5
1073 1141 4
1073 1199 4
1073 1207 6
1073 1214 5
1073 1224 4
1074 1083 6
1074 1133 5
1074 1137 6
1074 1141 7
1074 1174 4
1074 1207 4
1074 1226 5
1074 1232 5
1075 1080 5
1075 1106 5
1075 1109 2
1075 1169 6
1075 1170 5
1075 1182 7
1075 1216 7
1075 1230 2
1075 1241 5
1076 1101 5
1076 1130 7
1076 1173 3
1076 1175 4
1076 1178 3
1076 1197 6
1076 1201 3
1076 1233 4
1076 1237 7
1077 1097 4
1077 1103 7
1077 1104 8
1077 1159 4
1077 1173 6
1077 1178 5
1077 1201 5
1077 1206 7
1077 1229 5
1078 1085 5
1078 1093 5
1078 1110 5
1078 1117 5
1078 1142 4
1078 1179 4
1078 1187 5
1078 1236 5
1079 1080 3
1079 1091 1
1079 1111 5
1079 1114 4
1079 1134 5
1079 1192 4
1079 1218 5
1080 1106 6
1080 1169 5
1080 1170 7
1080 1216 5
1080 1241 5
1081 1105 6
1081 1181 4
1081 1183 4
1081 1189 6
1081 1190 5
1081 1212 6
1082 1095 7
1082 1146 7
1082 1162 7
1083 1128 6
1083 1137 5
1083 1141 5
1083 1152 5
1083 1222 5
1083 1226 7
1083 1232 5
1084 1115 3
1084 1132 6
1084 1157 5
1084 1193 5
1085 1109 4
1085 1110 8
1085 1117 8
1085 1161 6
1085 1187 8
1086 1125 3
1086 1144 2
1086 1184 5
1086 1208 5
1086 1211 5
1086 1219 4
1086 1220 2
1086 1225 4
1087 1108 6
1087 1149 6
1087 1154 5
1087 1160 8
1087 1177 6
1087 1195 8
1087 1205 7
1087 1231 6
1087 1239 6
1088 1107 4
1088 1143 4
1088 1145 4
1088 1167 8
1088 1176 8
1088 1185 5
1088 1191 4
1088 1196 5
1088 1202 6
1089 1112 3
1089 1125 6
1089 1172 3
1089 1200 4
1089 1209 5
1089 1219 6
1090 1101 5
1090 1178 5
1090 1228 4
1090 1229 6
1091 1152 5
1091 1188 6
1091 1222 6
1092 1119 7
1092 1122 7
1092 1131 7
1092 1140 3
1092 1153 7
1092 1198 5
1092 1223 7
1093 1110 3
1093 1142 6
1093 1174 5
1093 1179 6
1093 1199 4
1093 1236 7
1094 1123 6
1094 1158 7
1094 1163 3
1094 1203 4
1094 1211 6
1094 1219 1
1094 1220 5
1094 1221 5
1094 1225 5
1095 1129 5
1095 1146 8
1095 1156 4
1095 1162 8
1095 1166 6
1095 1181 5
1095 1212 3
1096 1121 2
1096 1122 3
1096 1153 3
1096 1198 5
1096 1235 4
1097 1104 4
1097 1120 4
1097 1159 5
1097 1185 1
1097 1206 5
1098 1100 6
1098 1113 6
1098 1150 4
1098 1155 8
1098 1186 7
1098 1194 6
1098 1227 7
1099 1106 5
1099 1169 5
1099 1170 4
1099 1180 6
1099 1183 5
1099 1190 4
1099 1216 4
1099 1230 4
1099 1241 6
1100 1113 7
1100 1140 4
1100 1150 6
1100 1155 6
1100 1186 5
1100 1235 5
1101 1130 4
1101 1173 3
1101 1178 4
1101 1201 3
1101 1228 3
1101 1237 4
1102 1147 5
1102 1164 5
1103 1104 7
1103 1173 7
1103 1178 5
1103 1201 6
1103 1206 7
1104 1173 6
1104 1178 5
1104 1206 7
1104 1229 5
1105 1180 5
1105 1183 6
1105 1189 7
1105 1190 7
1105 1212 4
1105 1230 5
1106 1111 0
1106 1169 6
1106 1170 6
1106 1180 3
1106 1216 6
1106 1241 7
1107 1112 4
1107 1145 8
1107 1167 4
1107 1168 5
1107 1172 4
1107 1176 4
1107 1185 5
1107 1238 6
1108 1149 8
1108 1154 6
1108 1195 6
1108 1204 3
1108 1205 7
1108 1215 8
1108 1231 8
1108 1239 8
1109 1110 4
1109 1117 4
1109 1182 2
1109 1216 2
1110 1117 8
1110 1161 6
1110 1187 8
1110 1199 4
1110 1236 3
1111 1114 7
1111 1129 4
1111 1134 7
1111 1156 5
1111 1192 7
1111 1217 6
1111 1218 7
1112 1138 7
1112 1145 4
1112 1168 7
1112 1172 8
1112 1200 6
1112 1238 6
1113 1121 3
1113 1126 5
1113 1150 5
1113 1155 6
1113 1186 5
1113 1235 6
1114 1129 5
1114 1134 7
1114 1156 6
1114 1192 8
1114 1217 7
1114 1218 7
1115 1132 5
1115 1143 4
1115 1157 2
1115 1175 4
1115 1233 4
1115 1240 4
1116 1118 4
1116 1136 6
1116 1144 5
1116 1151 7
1116 1171 7
1117 1161 6
1117 1187 8
1118 1138 3
1118 1151 3
1118 1171 5
1118 1200 4
1119 1122 7
1119 1131 6
1119 1153 7
1119 1198 5
1119 1223 6
1120 1143 5
1120 1159 5
1120 1191 6
1120 1196 6
1120 1201 1
1120 1202 5
1121 1126 5
1121 1154 1
1121 1165 4
1121 1194 4
1121 1235 3
1122 1131 6
1122 1150 1
1122 1153 8
1122 1198 6
1122 1223 6
1123 1124 6
1123 1144 4
1123 1158 6
1123 1211 6
1123 1220 4
1123 1221 7
1123 1225 7
1124 1136 5
1124 1144 6
1124 1221 7
1124 1225 7
1125 1184 4
1125 1193 1
1125 1200 2
1125 1209 5
1125 1219 6
1126 1155 5
1126 1165 4
1126 1186 6
1126 1194 7
1126 1227 5
1126 1235 4
1127 1139 5
1127 1163 6
1127 1184 4
1127 1203 5
1127 1208 5
1127 1220 5
1128 1137 5
1128 1142 4
1128 1152 4
1128 1174 4
1128 1222 6
1128 1226 5
1128 1232 6
1129 1146 5
1129 1156 7
1129 1162 5
1129 1166 7
1129 1192 5
1129 1217 6
1130 1148 5
1130 1175 4
1130 1197 7
1130 1233 4
1130 1237 7
1131 1140 2
1131 1153 6
1131 1223 8
1131 1421 5
1132 1143 3
1132 1157 4
1132 1193 4
1133 1137 6
1133 1141 6
1133 1142 4
1133 1174 5
1133 1207 6
1133 1232 4
1133 1236 3
1134 1192 7
1134 1217 6
1134 1218 8
1135 1140 7
1136 1144 7
1136 1151 7
1136 1171 5
1137 1141 5
1137 1142 5
1137 1174 6
1137 1232 6
1137 1236 3
1138 1168 6
1138 1172 7
1138 1200 6
1138 1238 6
1139 1157 5
1139 1158 5
1139 1163 7
1139 1203 8
1139 1220 6
1140 1150 4
1140 1223 2
1141 1207 5
1141 1226 4
1142 1174 7
1142 1179 8
1142 1232 5
1142 1236 6
1143 1167 4
1143 1191 6
1143 1196 6
1143 1202 5
1144 1151 6
1144 1211 4
1144 1221 5
1144 1225 5
1145 1167 4
1145 1168 5
1145 1172 4
1145 1176 4
1145 1185 5
1145 1238 6
1146 1162 8
1146 1166 6
1146 1181 5
1147 1164 8
1147 1213 7
1148 1197 5
1148 1228 3
1148 1234 2
1149 1154 6
1149 1195 6
1149 1204 3
1149 1205 7
1149 1215 8
1149 1231 8
1149 1239 8
1150 1155 4
1150 1198 2
1150 1235 5
1151 1171 6
1152 1188 7
1152 1213 5
1152 1222 6
1152 1226 6
1153 1198 6
1153 1223 6
1154 1165 4
1154 1195 5
1154 1204 2
1154 1231 6
1154 1239 6
1155 1186 7
1155 1194 6
1155 1227 7
1156 1162 4
1156 1166 6
1156 1192 6
1156 1217 7
1156 1218 5
1157 1163 5
1157 1193 5
1157 1203 5
1158 1163 4
1158 1203 5
1158 1211 5
1158 1220 6
1158 1221 5
1158 1225 5
1159 1173 3
1159 1191 3
1159 1196 3
1159 1201 4
1159 1206 5
1160 1177 6
1160 1195 8
1160 1205 7
1161 1187 6
1161 1199 4
1161 1210 5
1161 1214 3
1162 1166 6
1162 1181 5
1162 1212 3
1162 1217 3
1163 1184 4
1163 1193 4
1163 1203 7
1163 1220 5
1164 1213 7
1165 1186 3
1165 1194 4
1166 1181 4
1166 1192 4
1166 1217 5
1167 1176 8
1167 1185 5
1167 1191 4
1167 1196 5
1167 1202 6
1168 1172 7
1168 1200 5
1168 1238 7
1169 1170 6
1169 1216 6
1169 1241 6
1170 1216 6
1170 1241 6
1172 1200 6
1172 1238 6
1173 1178 6
1173 1201 7
1173 1206 6
1174 1179 7
1174 1232 6
1174 1236 5
1175 1191 2
1175 1197 5
1175 1233 8
1175 1237 5
1175 1240 7
1176 1185 5
1176 1196 5
1176 1202 6
1177 1195 6
1178 1201 5
1178 1229 6
1179 1232 5
1179 1236 6
1180 1183 7
1180 1189 5
1180 1190 6
1180 1230 6
1180 1241 4
1181 1189 3
1181 1212 6
1182 1216 7
1182 1230 3
1183 1189 6
1183 1190 7
1183 1230 6
1183 1241 3
1184 1193 3
1184 1208 6
1184 1219 4
1185 1238 3
1186 1194 7
1186 1227 7
1188 1213 4
1188 1222 6
1189 1190 7
1189 1212 5
1189 1230 5
1190 1212 4
1190 1230 6
1191 1196 7
1191 1202 5
1191 1233 2
1192 1217 7
1192 1218 7
1193 1202 0
1193 1203 3
1194 1227 6
1195 1205 7
1195 1231 6
1195 1239 6
1196 1202 6
1196 1233 1
1197 1233 5
1197 1237 6
1197 1240 5
1198 1235 2
1199 1207 4
1199 1214 5
1199 1236 4
1200 1219 3
1200 1238 4
1201 1206 6
1203 1220 6
1204 1215 3
1204 1227 3
1205 1215 7
1205 1231 7
1205 1239 7
1210 1214 6
1210 1224 7
1211 1219 2
1211 1220 4
1211 1221 7
1211 1225 7
1213 1226 5
1214 1224 7
1215 1231 8
1215 1239 8
1216 1241 6
1217 1218 6
1221 1225 8
1222 1226 5
1222 1232 4
1223 1421 5
1228 1234 3
1231 1239 8
1233 1237 5
1233 1240 7
1242 1246 5
1242 1276 4
1242 1283 5
1242 1284 6
1243 1244 3
1243 1269 2
1243 1272 2
1243 1273 5
1243 1276 2
1243 1284 6
1244 1254 3
1244 1270 6
1244 1272 5
1244 1273 5
1244 1274 6
1244 1280 4
1244 1284 2
1245 1254 6
1245 1270 5
1245 1274 4
1245 1290 3
1246 1283 6
1247 1250 5
1247 1252 5
1247 1266 7
1247 1281 4
1247 1288 7
1248 1285 8
1248 1498 7
1248 1535 5
1249 1253 5
1249 1264 2
1250 1257 5
1250 1259 3
1250 1266 5
1250 1281 6
1250 1288 6
1251 1252 6
1251 1257 5
1251 1287 2
1251 1289 2
1252 1257 4
1252 1266 6
1252 1288 5
1252 1289 1
1253 1263 2
1253 1272 4
1253 1280 4
1254 1259 5
1254 1270 5
1254 1274 4
1254 1276 1
1254 1281 2
1254 1290 5
1254 1893 2
1255 1261 3
1255 1271 5
1257 1266 4
1257 1281 3
1257 1288 5
1258 1260 4
1258 1279 6
1258 1282 6
1259 1281 4
1259 1290 6
1260 1267 5
1260 1282 5
1262 1277 5
1262 1287 7
1262 1289 7
1263 1382 3
1263 1435 1
1263 1886 2
1263 1899 2
1264 1267 5
1265 1754 4
1265 1759 6
1265 1789 5
1265 1868 2
1266 1288 7
1267 1279 4
1267 1282 6
1268 1513 6
1269 1276 6
1269 1283 5
1269 1284 3
1269 1290 1
1269 1754 2
1269 1786 3
1269 1847 2
1270 1272 4
1270 1274 7
1270 1280 4
1270 1290 2
1270 1893 2
1272 1273 5
1272 1274 5
1272 1280 7
1273 1274 3
1273 1280 4
1273 1284 4
1274 1280 5
1274 1893 2
1275 1291 6
1276 1283 6
1276 1284 4
1276 1290 2
1276 1786 3
1276 1847 2
1277 1287 4
1277 1289 4
1278 1477 2
1279 1282 5
1280 1780 3
1281 1288 5
1281 1290 3
1283 1284 4
1285 1478 6
1285 1498 7
1285 1535 5
1287 1289 8
1292 1297 5
1292 1300 6
1292 1312 6
1292 1321 6
1292 1322 8
1292 1324 4
1292 1332 2
1293 1301 4
1293 1305 5
1293 1308 2
1293 1309 7
1293 1311 4
1293 1315 6
1293 1316 7
1293 1319 7
1293 1332 5
1294 1299 4
1294 1307 7
1294 1317 6
1294 1318 6
1294 1327 7
1294 1329 7
1294 1330 7
1294 1331 6
1294 1333 7
1295 1299 5
1295 1307 8
1295 1329 8
1295 1330 8
1295 1331 7
1295 1333 7
1296 1302 6
1296 1326 3
1296 1623 5
1297 1300 7
1297 1303 7
1297 1312 7
1297 1321 7
1297 1322 5
1297 1323 7
1298 1325 2
1298 1328 7
1298 1334 4
1299 1307 5
1299 1311 1
1299 1324 1
1299 1329 5
1299 1330 5
1300 1303 7
1300 1312 8
1300 1321 8
1300 1322 6
1300 1323 7
1300 1324 2
1301 1304 4
1301 1308 6
1301 1309 4
1301 1314 5
1301 1316 4
1301 1319 5
1302 1623 6
1303 1312 7
1303 1321 7
1303 1323 8
1304 1308 4
1304 1313 5
1304 1314 4
1305 1309 5
1305 1311 3
1305 1315 6
1305 1316 5
1305 1320 6
1305 1332 3
1305 1335 2
1306 1325 5
1306 1326 7
1306 1334 3
1306 1588 5
1306 1593 6
1306 1628 5
1306 1630 5
1307 1318 5
1307 1327 6
1307 1329 8
1307 1330 8
1307 1331 7
1307 1333 7
1308 1314 6
1308 1319 3
1309 1315 6
1309 1316 8
1309 1319 6
1309 1320 4
1310 1317 8
1310 1318 8
1310 1327 7
1310 1331 6
1310 1335 6
1311 1315 5
1311 1319 3
1311 1324 5
1311 1332 6
1312 1321 8
1312 1322 6
1312 1323 7
1313 1334 2
1314 1319 2
1315 1316 6
1315 1319 5
1315 1320 4
1315 1324 4
1315 1332 5
1316 1319 6
1316 1320 4
1317 1318 8
1317 1327 7
1317 1333 6
1317 1335 6
1318 1327 7
1318 1329 5
1318 1331 6
1318 1333 6
1318 1335 6
1319 1332 4
1320 1335 4
1321 1322 6
1321 1323 7
1322 1324 4
1324 1332 5
1325 1326 5
1325 1328 2
1325 1588 4
1325 1593 4
1326 1334 3
1327 1329 6
1327 1330 6
1327 1331 7
1327 1333 7
1328 1334 3
1329 1330 8
1329 1331 7
1329 1333 7
1330 1331 7
1330 1333 7
1331 1333 7
1334 1606 2
1336 1342 5
1336 1344 4
1336 1353 2
1336 1357 5
1336 1659 3
1336 1687 4
1337 1348 4
1337 1362 6
1337 1677 5
1337 2014 4
1338 1346 2
1338 1350 7
1338 1663 4
1338 1678 5
1338 1696 5
1338 1698 4
1341 1353 5
1341 1650 6
1341 1651 4
1341 2011 5
1342 1344 5
1342 1357 5
1342 1662 2
1342 1668 2
1342 2025 3
1343 1370 4
1343 1379 1
1343 1667 3
1343 1690 7
1344 1357 4
1344 1662 2
1344 1668 2
1345 1376 5
1345 1672 2
1346 1673 5
1346 1696 2
1347 1652 2
1347 1656 4
1347 1661 7
1347 1685 6
1348 1362 6
1348 1379 3
1348 1667 1
1348 1677 5
1348 2026 2
1349 1355 3
1349 1365 5
1349 1373 6
1349 1645 3
1349 2007 2
1350 1663 4
1350 1678 5
1350 1696 4
1350 1698 4
1351 1657 7
1352 1372 3
1352 1376 3
1352 1672 4
1352 2001 5
1352 2027 4
1353 1687 4
1354 1358 5
1354 1363 8
1354 1369 8
1354 1658 4
1354 1680 5
1354 1691 6
1355 1372 4
1355 1645 4
1355 1692 6
1355 1693 6
1355 2007 6
1356 1361 5
1356 1679 2
1357 1687 4
1357 2025 4
1358 1363 5
1358 1364 2
1358 1369 5
1358 1675 1
1358 1691 4
1359 1371 5
1359 1377 7
1359 1990 5
1359 2005 4
1360 1366 4
1360 1652 4
1360 1673 3
1360 1694 4
1361 1679 5
1361 2022 5
1362 1677 4
1362 2014 4
1363 1369 8
1363 1680 5
1364 1374 4
1364 1675 4
1364 2000 3
1365 1373 6
1366 1652 4
1366 1656 3
1366 1673 2
1366 1996 4
1367 1700 2
1368 1653 2
1368 1664 7
1368 1670 6
1369 1680 5
1369 1691 6
1370 1690 5
1371 1377 5
1371 1681 3
1371 1684 4
1372 1692 5
1372 1693 4
1373 1645 3
1374 1665 4
1374 1675 5
1374 2000 4
1375 1679 3
1376 1672 5
1378 1662 3
1378 1663 4
1378 1698 5
1379 1650 4
1379 1651 5
1379 1677 4
1379 2026 6
1380 1385 7
1380 1386 6
1380 1405 6
1380 1461 4
1381 1393 4
1381 1750 3
1381 2082 3
1382 1435 3
1383 1390 4
1383 1391 5
1383 1394 3
1383 1565 4
1384 1495 7
1384 1501 4
1384 1526 5
1384 1573 6
1384 1803 4
1385 1386 5
1385 1405 5
1385 1461 5
1385 1484 6
1386 1405 5
1386 1406 4
1386 1500 6
1387 1388 6
1387 1397 5
1387 1532 2
1388 1397 7
1389 1392 6
1389 1398 5
1389 1443 7
1389 1454 7
1389 1516 6
1390 1394 4
1390 1396 7
1391 1475 3
1391 1565 6
1392 1398 7
1392 1404 3
1392 1443 5
1392 1454 6
1392 1516 5
1392 1573 3
1393 1750 4
1393 2081 7
1393 2082 7
1394 1396 3
1394 1574 2
1395 1400 5
1395 1401 6
1395 1403 4
1395 1825 2
1396 1507 5
1398 1404 3
1398 1454 5
1398 1495 4
1398 1573 4
1399 1404 2
1400 1401 7
1400 1403 3
1401 1403 3
1402 1407 4
1402 1492 4
1402 1511 3
1402 1522 3
1403 1898 3
1404 1506 4
1405 1461 5
1406 1485 4
1406 1488 7
1406 1500 5
1406 1569 4
1407 1460 4
1407 1463 3
1407 1492 6
1410 1428 5
1410 1429 3
1410 1438 6
1410 1724 2
1410 1732 5
1410 1739 5
1411 1413 7
1411 1420 4
1411 1426 5
1411 1430 4
1411 1436 6
1412 1420 5
1412 1422 5
1412 1423 2
1412 1424 4
1413 1417 4
1413 1426 5
1413 1430 5
1413 1433 3
1413 1436 6
1414 1419 2
1414 1429 7
1414 1434 6
1414 1438 3
1414 1439 4
1416 1423 5
1416 1428 2
1416 1437 3
1417 1426 6
1417 1433 3
1418 1465 4
1418 1794 7
1418 1820 5
1418 1824 4
1418 1828 2
1418 1831 5
1418 1873 4
1418 1875 5
1418 1876 7
1419 1429 2
1419 1434 2
1419 1758 3
1420 1422 3
1420 1436 5
1421 1437 2
1422 1424 5
1423 1424 4
1425 1426 1
1427 1875 5
1427 2097 5
1428 1438 4
1428 1744 4
1429 1434 5
1429 1438 4
1429 1439 3
1434 1439 4
1438 1732 4
1438 1739 4
1439 1716 3
1439 1722 3
1439 1729 3
1440 1458 5
1440 1477 4
1440 1521 2
1440 1571 5
1441 1466 6
1441 1513 6
1441 1557 5
1442 1473 6
1442 1501 5
1442 1526 5
1442 1529 6
1442 1579 5
1443 1454 6
1443 1516 6
1443 1542 5
1444 1468 4
1444 1481 4
1444 1525 6
1444 1553 6
1444 1561 7
1445 1472 8
1445 1505 7
1445 1523 7
1446 1457 3
1446 1459 4
1446 1494 5
1446 1538 6
1446 1570 5
1446 1572 3
1446 1582 5
1447 1461 6
1447 1484 6
1447 1506 2
1448 1533 3
1448 1539 5
1448 1584 7
1449 1474 4
1449 1514 6
1449 1527 6
1449 1537 4
1449 1546 6
1449 1547 3
1449 1554 2
1450 1487 7
1450 1496 8
1450 1562 8
1450 1568 5
1451 1452 6
1451 1511 5
1451 1522 5
1451 1550 5
1451 1564 5
1452 1511 3
1452 1522 7
1452 1543 4
1452 1550 4
1452 1585 3
1453 1483 4
1453 1518 7
1453 2080 3
1454 1516 6
1455 1499 4
1455 1507 5
1455 1565 2
1455 2089 4
1456 1466 7
1456 1478 4
1456 1483 4
1456 1498 4
1456 1535 6
1456 1557 4
1457 1476 5
1457 1487 4
1457 1496 5
1457 1538 5
1457 1568 4
1457 1572 6
1458 1480 4
1458 1571 8
1458 2084 4
1459 1494 3
1459 1502 3
1459 1548 6
1459 1553 5
1459 1561 3
1459 1563 6
1459 1570 6
1459 1582 7
1460 1463 6
1460 1465 3
1460 1475 4
1460 1585 3
1461 1484 7
1462 1566 5
1463 1465 5
1463 1475 3
1463 1831 1
1463 1876 2
1464 1490 8
1464 1533 5
1464 1539 4
1464 1581 4
1464 1584 4
1465 1794 4
1465 1875 4
1465 1876 5
1466 1498 4
1466 1535 6
1466 1557 4
1467 1482 5
1467 1494 4
1467 1520 5
1467 1524 4
1467 1544 7
1468 1471 7
1468 1481 7
1468 1525 6
1468 1548 3
1468 1561 5
1469 1510 5
1469 1517 5
1469 1545 5
1469 1578 5
1469 1580 4
1470 1581 4
1471 1481 7
1471 1525 5
1471 1546 3
1471 1561 5
1472 1505 7
1472 1523 7
1473 1503 4
1473 1509 5
1473 1519 4
1473 1526 3
1473 1529 8
1473 1559 5
1473 1579 7
1474 1502 4
1474 1514 5
1474 1527 6
1474 1547 7
1475 1499 3
1475 1565 3
1475 1585 4
1476 1487 5
1476 1497 5
1476 1524 3
1476 1538 4
1476 1549 7
1476 1567 3
1476 1572 7
1477 1531 2
1477 2083 2
1478 1483 4
1478 1518 3
1478 1535 5
1479 1485 6
1479 1560 4
1479 1567 2
1479 1580 3
1480 1571 4
1481 1525 5
1481 1546 2
1481 1561 5
1482 1515 3
1482 1520 7
1482 1524 3
1482 1544 6
1482 1552 5
1482 1574 5
1483 1518 5
1485 1488 3
1485 1560 4
1485 1783 4
1486 1503 6
1486 1509 5
1486 1519 6
1486 1542 2
1486 1559 5
1487 1496 7
1487 1497 4
1487 1549 4
1487 1562 7
1487 1572 5
1488 1500 5
1489 1506 4
1489 1516 2
1490 1533 5
1490 1539 4
1490 1581 4
1491 1533 5
1491 1541 6
1493 1504 7
1493 1556 4
1494 1524 4
1494 1538 4
1494 1544 3
1494 1570 4
1494 1582 4
1495 1501 3
1495 1526 4
1495 1573 7
1495 1803 4
1496 1562 8
1496 1568 5
1497 1508 2
1497 1549 6
1497 1560 3
1497 1567 5
1497 1572 4
1497 1817 2
1497 1850 3
1498 1535 6
1499 1565 6
1501 1526 7
1502 1527 3
1502 1547 4
1502 1548 3
1502 1563 4
1503 1509 7
1503 1519 8
1503 1559 7
1503 1579 4
1504 1556 4
1505 1523 8
1505 1528 5
1506 1516 1
1507 1565 2
1507 1583 2
1508 1510 4
1508 1520 2
1508 1545 3
1508 1549 2
1508 1567 3
1508 1580 4
1509 1519 7
1509 1529 5
1509 1559 7
1509 1579 5
1510 1545 7
1510 1580 5
1511 1522 4
1511 1536 5
1511 1550 7
1511 1564 7
1512 1556 5
1512 1577 6
1514 1527 7
1514 1546 4
1515 1543 2
1515 1551 3
1515 1552 5
1515 1574 4
1515 1575 5
1517 1578 8
1517 1583 5
1519 1559 7
1519 1579 4
1520 1524 3
1520 1544 6
1520 1552 4
1520 1574 4
1521 1530 3
1522 1543 3
1522 1550 4
1522 1585 3
1524 1538 4
1524 1544 4
1524 1549 3
1524 1572 3
1525 1548 5
1525 1553 6
1525 1561 7
1525 1563 3
1525 1570 3
1526 1529 3
1526 1573 3
1527 1546 4
1527 1547 5
1528 1537 4
1528 1554 6
1529 1559 5
1529 1579 7
1529 1863 0
1531 1571 2
1532 1829 3
1533 1539 6
1533 1541 6
1533 1581 2
1533 1584 4
1534 1551 5
1534 1555 5
1534 1558 3
1534 1575 3
1536 1550 5
1536 1564 6
1537 1546 4
1537 1554 6
1538 1549 3
1538 1570 3
1538 1572 5
1538 1582 3
1539 1541 5
1539 1584 6
1540 1577 6
1540 1832 3
1540 1901 1
1543 1551 4
1543 1555 4
1543 1575 4
1543 1585 3
1544 1552 5
1545 1574 1
1545 1580 5
1548 1553 7
1548 1561 5
1548 1563 6
1548 1570 5
1548 1582 5
1549 1567 4
1549 1572 6
1550 1564 7
1551 1552 2
1551 1555 6
1551 1558 3
1551 1575 6
1552 1574 4
1552 1575 3
1553 1561 6
1555 1558 3
1555 1575 4
1559 1579 5
1560 1567 5
1560 1569 2
1560 1850 2
1561 1570 3
1562 1568 5
1563 1570 6
1563 1582 6
1567 1569 1
1567 1580 2
1567 1850 2
1570 1582 7
1571 2084 4
1571 2086 1
1573 1803 4
1576 1586 5
1578 1583 5
1587 1609 6
1587 1610 7
1587 1620 5
1587 1622 5
1587 1638 6
1588 1593 7
1588 1628 6
1588 1630 5
1589 1627 6
1589 1631 7
1589 1636 5
1589 1642 6
1590 1595 6
1590 1598 6
1590 1599 6
1590 1621 6
1590 1634 6
1591 1641 6
1592 1613 6
1592 1614 6
1593 1624 2
1593 1628 7
1593 1630 6
1594 1605 4
1594 1611 3
1594 1639 3
1594 1640 6
1595 1598 7
1595 1599 7
1595 1607 5
1595 1621 4
1595 1634 7
1596 1601 5
1596 1612 6
1596 1625 7
1596 1643 2
1597 1619 5
1598 1599 7
1598 1607 4
1598 1621 4
1598 1634 8
1599 1607 4
1599 1634 7
1600 1631 5
1600 1642 6
1600 1936 6
1601 1625 6
1601 1626 2
1602 1603 5
1602 1607 3
1602 1616 4
1602 1632 8
1603 1616 6
1603 1618 5
1603 1632 5
1603 1641 4
1603 1644 4
1604 1617 6
1605 1613 6
1605 1614 6
1605 1640 5
1606 1643 4
1607 1632 3
1607 1634 4
1608 1610 3
1608 1612 5
1608 1620 3
1608 1625 4
1608 1626 4
1609 1610 5
1609 1622 6
1609 1638 4
1610 1620 5
1610 1622 4
1610 1638 6
1611 1637 5
1611 1639 8
1612 1625 5
1612 1637 2
1612 1643 3
1613 1614 8
1615 1626 6
1615 1635 6
1615 1636 1
1616 1618 7
1616 1641 6
1616 1644 5
1618 1641 7
1618 1644 6
1620 1626 4
1620 1635 4
1620 1638 7
1621 1634 4
1623 1624 3
1624 1628 3
1624 1630 4
1626 1635 8
1627 1631 5
1627 1642 4
1628 1630 7
1631 1642 7
1637 1639 5
1637 1643 4
1641 1644 6
1645 1692 4
1645 1693 4
1646 1665 5
1646 1675 5
1646 1686 6
1646 1688 6
1646 2000 6
1647 1648 5
1647 1681 6
1647 1682 7
1647 1684 4
1647 1685 5
1647 2028 4
1648 1661 4
1648 1682 6
1648 1697 4
1649 1676 4
1650 1651 5
1650 2011 5
1650 2026 3
1651 1677 4
1651 2026 4
1652 1656 4
1653 1658 3
1653 1664 3
1653 1680 1
1653 2013 2
1654 1664 5
1654 1670 5
1654 1694 2
1654 2015 6
1656 1661 3
1656 1684 2
1656 1685 3
1656 1996 5
1656 2021 5
1657 1695 4
1658 1680 2
1658 1691 5
1659 1687 5
1659 1985 4
1660 1662 4
1660 1668 3
1660 1678 3
1660 1698 4
1661 1682 5
1661 1684 3
1661 1685 6
1662 1668 6
1663 1678 5
1663 1698 7
1664 1670 6
1664 1694 2
1665 1674 3
1665 1675 5
1665 1686 6
1665 2000 6
1666 1695 5
1666 1697 2
1667 1995 0
1668 2019 0
1669 1699 4
1669 2029 6
1670 2015 4
1673 1694 3
1674 1686 3
1675 2000 7
1677 2026 4
1678 1698 6
1679 1997 5
1679 2003 6
1679 2022 5
1680 1696 0
1680 2002 3
1680 2020 2
1681 1682 6
1681 1684 5
1681 1685 5
1681 2028 4
1682 1684 4
1682 1685 6
1684 1685 5
1684 2016 2
1686 2000 5
1689 1699 5
1689 1987 4
1689 1995 6
1691 2020 2
1692 1693 7
1693 2007 4
1699 1987 5
1699 1995 5
1700 1992 4
1700 2005 4
1700 2030 3
1701 1702 6
1701 1719 5
1701 1723 7
1701 1726 7
1702 1709 8
1702 1719 5
1702 1723 6
1702 1726 6
1702 1727 8
1703 1710 4
1703 2034 4
1703 2042 4
1703 2056 3
1704 1706 4
1704 1708 5
1704 1712 6
1704 1720 2
1704 1728 6
1705 1707 6
1705 1711 6
1705 1713 6
1705 1715 7
1705 1717 6
1705 1721 7
1705 1730 6
1706 1712 6
1706 1728 4
1707 1711 7
1707 1713 7
1707 1715 6
1707 1717 7
1707 1721 6
1707 1730 7
1707 1772 5
1708 1720 5
1708 2041 4
1708 2063 3
1709 1719 5
1709 1727 8
1710 2034 3
1710 2042 4
1711 1713 8
1711 1715 6
1711 1717 8
1711 1721 6
1711 1730 8
1711 1772 5
1712 1728 6
1713 1715 6
1713 1717 8
1713 1721 6
1713 1730 8
1713 1772 5
1715 1717 6
1715 1720 1
1715 1721 8
1715 1730 6
1716 1722 8
1716 1729 7
1717 1721 6
1717 1730 8
1717 1772 5
1718 1724 5
1718 1725 7
1718 2057 4
1719 1727 5
1720 1721 1
1720 2041 5
1720 2045 3
1720 2063 6
1721 1730 6
1722 1729 7
1723 1726 8
1724 1725 6
1724 2038 2
1724 2057 4
1725 2038 2
1725 2057 4
1730 1772 5
1731 1745 6
1731 1747 7
1731 1748 6
1731 1751 8
1732 1739 8
1732 1744 3
1734 1752 0
1735 1736 7
1735 1737 7
1735 1742 8
1735 1746 7
1735 1753 7
1735 1760 7
1736 1737 7
1736 1742 7
1736 1746 7
1736 1753 7
1736 1760 7
1737 1741 1
1737 1742 7
1737 1746 7
1737 1753 7
1737 1760 7
1738 1743 8
1739 1744 3
1740 1757 4
1740 1761 7
1741 1762 2
1742 1746 7
1742 1753 7
1742 1760 7
1744 1751 2
1745 1747 6
1745 1748 8
1745 1751 6
1746 1753 7
1746 1760 7
1747 1748 6
1747 1751 7
1748 1751 6
1749 1756 2
1749 1758 7
1752 1774 2
1753 1760 8
1754 1759 6
1757 1761 3
1759 1868 1
1763 1764 6
1763 1766 7
1764 1766 5
1765 1767 4
1765 1773 3
1767 1773 6
1769 1774 4
1775 1790 5
1775 1795 5
1775 1797 2
1775 1798 5
1775 1800 5
1775 1830 5
1775 1880 2
1775 1889 2
1776 1815 8
1776 1822 7
1776 1841 7
1776 1843 7
1776 1852 6
1776 1861 8
1776 1887 6
1777 1788 5
1777 1797 4
1777 1805 5
1777 1820 1
1777 1848 5
1777 1851 2
1777 1873 2
1777 1881 6
1777 1882 4
1778 1782 5
1778 1796 5
1778 1808 5
1778 1810 6
1778 1840 7
1778 1858 4
1778 1867 5
1778 1896 6
1778 1904 4
1779 1801 4
1779 1809 6
1779 1816 7
1779 1819 7
1779 1872 6
1779 1874 7
1779 1892 7
1779 1900 7
1780 1806 3
1780 1818 5
1780 1860 3
1780 1891 2
1781 1837 5
1781 1846 6
1781 1856 5
1781 1864 5
1781 1871 6
1781 1886 4
1782 1796 7
1782 1808 8
1782 1810 7
1782 1840 6
1782 1877 6
1782 1879 5
1782 1885 5
1783 1784 1
1783 1855 3
1783 1888 4
1784 1793 3
1784 1825 6
1785 1865 3
1785 1879 4
1786 1806 5
1786 1811 5
1786 1826 5
1786 1844 5
1786 1847 7
1786 1860 5
1787 1812 5
1787 1829 4
1787 1842 8
1787 1866 7
1787 1869 8
1787 1890 6
1787 1897 4
1788 1797 6
1788 1805 6
1788 1848 8
1788 1881 6
1788 1882 6
1789 1823 3
1789 1845 3
1789 1868 4
1789 1884 7
1790 1792 7
1790 1795 8
1790 1798 8
1790 1800 8
1790 1838 7
1790 1895 6
1790 1903 6
1791 1828 3
1791 1881 0
1791 2089 4
1792 1795 7
1792 1797 3
1792 1798 7
1792 1800 7
1792 1838 8
1792 1882 3
1792 1895 6
1792 1903 6
1793 1814 5
1793 1825 2
1793 1834 3
1793 1857 3
1793 1878 3
1794 1820 4
1794 1828 3
1794 1831 4
1794 1875 4
1794 1876 6
1795 1798 8
1795 1800 8
1795 1838 7
1795 1895 6
1795 1903 6
1796 1808 7
1796 1810 6
1796 1840 6
1796 1854 4
1796 1877 7
1796 1879 5
1796 1904 4
1797 1798 3
1797 1805 4
1797 1838 3
1797 1848 6
1797 1882 8
1798 1800 8
1798 1838 7
1798 1895 6
1798 1903 6
1799 1823 4
1799 1836 4
1799 1845 4
1799 1883 8
1799 1891 5
1800 1838 7
1800 1895 6
1800 1903 6
1801 1827 6
1801 1892 5
1801 1899 3
1802 1821 6
1802 1843 5
1802 1853 2
1802 1866 3
1802 1890 2
1802 1902 5
1803 2098 4
1803 2100 4
1804 1832 4
1804 1858 8
1804 1870 6
1804 1901 5
1805 1848 6
1805 1881 6
1805 1882 4
1806 1811 7
1806 1818 6
1806 1826 7
1806 1844 7
1806 1847 5
1806 1860 8
1806 1893 5
1807 1820 4
1807 1824 5
1807 1831 4
1807 1851 3
1807 1862 7
1807 1873 5
1807 1880 1
1808 1810 7
1808 1840 6
1808 1877 6
1808 1879 5
1808 1885 5
1809 1816 7
1809 1819 7
1809 1833 6
1809 1872 7
1809 1874 7
1809 1900 7
1810 1840 7
1810 1877 5
1810 1885 4
1810 1896 4
1811 1818 5
1811 1826 7
1811 1844 7
1811 1847 6
1811 1860 7
1811 1868 2
1811 1893 5
1812 1842 5
1812 1863 4
1812 1866 5
1812 1869 5
1812 1897 5
1813 1817 4
1813 1834 5
1813 1850 3
1813 1857 5
1813 1878 4
1814 1834 4
1814 1857 3
1814 1878 5
1815 1821 6
1815 1822 7
1815 1841 7
1815 1843 7
1815 1852 6
1815 1861 8
1815 1887 6
1815 1902 6
1816 1819 8
1816 1833 6
1816 1872 7
1816 1874 8
1816 1892 6
1816 1894 4
1816 1900 8
1817 1834 4
1817 1850 7
1817 1855 4
1817 1857 5
1817 1888 2
1818 1826 5
1818 1844 5
1818 1860 6
1818 1891 2
1818 1893 5
1819 1833 6
1819 1872 7
1819 1874 8
1819 1892 6
1819 1894 4
1819 1900 8
1820 1824 6
1820 1831 7
1820 1862 5
1820 1873 7
1820 1876 5
1821 1822 5
1821 1841 5
1821 1843 7
1821 1861 6
1821 1887 6
1821 1902 6
1822 1841 8
1822 1843 6
1822 1852 7
1822 1861 7
1822 1863 4
1822 1902 7
1823 1836 8
1823 1845 8
1823 1868 3
1823 1883 4
1823 1884 4
1823 1891 4
1824 1831 7
1824 1862 6
1824 1873 6
1824 1876 5
1826 1844 8
1826 1847 5
1826 1860 7
1826 1893 6
1827 1886 3
1827 1892 4
1827 1899 5
1828 2096 6
1829 1842 4
1829 1866 4
1829 1869 4
1829 1890 4
1829 2099 3
1830 1851 3
1830 1880 5
1830 1889 5
1831 1862 5
1831 1873 6
1831 1876 6
1832 1839 3
1832 1858 4
1832 1870 5
1832 1901 6
1833 1846 2
1833 1871 3
1833 1872 6
1833 1874 6
1833 1894 6
1833 1900 6
1834 1857 7
1834 1878 7
1835 1849 5
1835 1854 6
1835 1859 7
1835 1867 7
1835 1896 6
1835 1904 7
1836 1845 8
1836 1883 4
1836 1884 4
1836 1891 4
1837 1846 6
1837 1856 6
1837 1864 8
1837 1871 7
1837 1894 5
1838 1882 3
1838 1895 6
1838 1903 6
1839 1865 3
1839 1870 6
1839 1885 6
1839 1901 5
1840 1867 5
1840 1877 5
1840 1896 5
1840 1904 5
1841 1843 6
1841 1852 7
1841 1861 7
1841 1863 4
1841 1902 7
1842 1866 7
1842 1869 8
1842 1890 6
1842 1897 4
1843 1861 7
1843 1887 7
1843 1902 6
1844 1847 5
1844 1860 7
1844 1893 6
1845 1868 3
1845 1883 4
1845 1884 4
1845 1891 4
1846 1856 5
1846 1864 6
1846 1871 7
1846 1886 5
1846 1894 4
1846 1899 3
1847 1860 5
1847 1868 2
1848 1881 6
1848 1882 6
1849 1854 6
1849 1859 6
1849 1877 4
1850 1855 5
1850 1857 4
1850 1878 2
1850 1888 3
1851 1862 2
1851 1873 3
1851 1880 4
1851 1889 3
1852 1861 6
1852 1863 5
1852 1902 6
1853 1866 3
1853 1869 3
1853 1890 5
1854 1859 6
1854 1867 5
1854 1877 5
1854 1904 6
1855 1857 2
1855 1888 6
1856 1864 6
1856 1871 5
1857 1878 6
1858 1870 6
1858 1896 3
1858 1901 5
1859 1867 6
1859 1896 5
1859 1904 7
1860 1893 5
1861 1887 6
1861 1902 6
1862 1873 6
1863 1897 1
1863 1902 5
1864 1871 7
1864 1872 2
1864 1894 5
1865 1879 5
1865 1885 4
1866 1869 7
1866 1890 6
1867 1896 7
1867 1904 7
1868 1884 4
1869 1890 6
1869 1897 4
1870 1885 4
1870 1901 7
1871 1886 4
1871 1894 5
1872 1874 7
1872 1894 5
1872 1900 7
1873 1876 4
1874 1892 6
1874 1894 4
1874 1900 8
1875 1876 5
1875 2097 6
1877 1879 5
1877 1904 3
1879 1885 5
1880 1889 7
1883 1891 5
1886 1899 5
1892 1900 6
1895 1903 8
1896 1904 6
1905 1911 4
1905 1919 4
1905 1930 5
1905 1955 4
1905 1966 3
1905 1968 4
1905 1975 6
1906 1912 4
1906 1921 6
1906 1922 7
1906 1938 7
1906 1945 7
1906 1947 6
1906 1960 6
1906 1969 7
1907 1912 3
1907 1918 6
1907 1956 3
1907 1977 3
1908 1939 4
1908 1953 3
1908 1965 7
1908 1970 6
1908 1980 5
1909 1913 5
1909 1916 5
1909 1923 4
1909 1941 2
1909 1962 2
1909 1963 3
1909 1972 4
1909 1974 5
1910 1928 3
1910 1932 5
1910 1952 4
1910 1976 3
1911 1955 7
1911 1958 4
1911 1961 6
1911 1971 5
1911 1975 3
1912 1918 3
1912 1925 4
1912 1938 5
1912 1956 7
1913 1914 5
1913 1915 5
1913 1916 6
1913 1923 3
1913 1935 4
1913 1972 7
1913 1974 8
1914 1915 5
1914 1934 4
1914 1935 5
1914 1941 3
1914 1972 6
1914 1974 5
1914 1984 2
1915 1916 4
1915 1934 3
1915 1935 6
1915 1950 1
1915 1972 6
1915 1974 5
1916 1923 3
1916 1972 5
1916 1974 6
1917 1959 3
1917 1966 4
1917 1973 5
1917 1975 4
1918 1925 4
1918 1956 3
1918 1977 5
1919 1964 6
1919 1966 3
1919 1968 6
1919 1975 3
1919 1979 4
1920 1926 8
1920 1950 5
1921 1922 7
1921 1927 4
1921 1938 6
1921 1956 3
1921 1969 6
1921 1981 5
1922 1927 4
1922 1938 6
1922 1945 7
1922 1947 7
1922 1960 7
1922 1969 7
1922 1981 6
1923 1944 4
1923 1963 5
1923 1974 3
1924 1927 5
1924 1945 6
1924 1947 7
1924 1960 7
1924 1969 6
1924 1981 7
1925 1944 4
1925 1956 5
1925 1962 4
1925 1963 3
1925 1977 4
1926 1950 5
1927 1931 5
1927 1940 3
1927 1947 4
1927 1960 4
1927 1981 6
1927 1983 5
1928 1932 6
1928 1936 4
1928 1937 6
1928 1952 7
1929 1934 7
1929 1946 4
1929 1978 4
1929 1984 4
1930 1968 3
1930 1975 3
1931 1940 5
1931 1941 4
1931 1962 3
1931 1982 4
1931 1983 6
1932 1937 4
1932 1952 6
1933 1951 5
1933 1979 4
1934 1935 4
1934 1946 4
1934 1972 3
1934 1978 4
1934 1984 4
1935 1942 2
1935 1949 2
1935 1972 5
1935 1974 4
1936 1937 6
1936 1952 3
1937 1952 5
1938 1945 6
1938 1947 5
1938 1956 4
1938 1960 5
1938 1969 6
1939 1965 5
1939 1970 5
1939 1980 4
1940 1941 4
1940 1943 7
1940 1946 4
1940 1982 5
1940 1983 6
1940 1984 4
1941 1962 2
1941 1982 7
1941 1983 3
1941 1984 3
1942 1949 4
1942 1957 4
1942 1967 6
1943 1946 5
1943 1978 5
1943 1982 5
1943 1983 5
1943 1984 5
1944 1962 4
1944 1963 7
1944 1977 4
1945 1947 7
1945 1960 7
1945 1969 8
1945 1981 6
1946 1978 8
1946 1984 8
1947 1960 8
1947 1969 7
1947 1981 6
1948 1954 6
1948 1959 3
1949 1953 4
1950 1953 0
1951 1964 5
1951 1979 7
1952 1976 1
1954 1959 4
1954 1976 4
1955 1961 5
1955 1971 6
1955 1973 3
1955 1975 4
1956 1962 3
1957 1958 3
1958 1961 6
1959 1971 3
1959 1973 4
1959 1980 2
1960 1969 7
1960 1981 6
1961 1971 5
1962 1963 3
1963 1977 3
1964 1966 2
1964 1968 5
1964 1979 5
1965 1970 7
1965 1980 5
1966 1973 3
1966 1975 5
1969 1981 6
1970 1980 6
1971 1973 3
1971 1980 3
1972 1974 7
1973 1975 5
1978 1984 8
1981 1983 3
1982 1983 4
1982 1984 4
1985 1994 5
1985 2011 4
1985 2025 5
1986 1996 4
1987 1995 4
1987 2029 3
1988 1994 4
1988 2004 6
1988 2019 5
1989 1993 7
1989 2018 4
1990 1992 6
1990 2005 7
1990 2016 3
1990 2028 3
1990 2030 6
1991 1993 3
1991 2001 3
1991 2018 3
1991 2027 3
1992 2005 7
1992 2006 2
1992 2030 7
1993 2009 2
1993 2018 3
1994 2004 3
1994 2011 5
1995 1998 5
1996 2016 2
1996 2021 6
1997 2003 7
1997 2022 7
1998 2014 5
1999 2029 5
1999 2095 0
2001 2027 7
2002 2020 5
2002 2024 6
2003 2022 7
2004 2019 4
2004 2026 5
2005 2016 3
2005 2028 3
2005 2030 7
2006 2030 2
2007 2027 2
2012 2096 1
2013 2024 1
2015 2017 5
2016 2021 3
2016 2028 4
2017 2100 0
2020 2024 5
2031 2059 8
2031 2069 3
2032 2033 7
2032 2040 7
2032 2055 7
2032 2060 5
2033 2036 7
2033 2040 8
2033 2050 7
2033 2052 7
2033 2055 8
2033 2067 7
2034 2038 5
2034 2042 6
2034 2056 7
2035 2048 7
2035 2060 7
2036 2037 6
2036 2040 7
2036 2050 7
2036 2051 5
2036 2052 8
2036 2055 7
2036 2067 7
2036 2071 6
2037 2039 7
2037 2046 5
2037 2050 6
2037 2051 7
2037 2052 6
2037 2055 5
2037 2067 6
2037 2071 8
2038 2056 6
2038 2057 6
2039 2046 6
2039 2051 8
2039 2066 5
2039 2071 7
2040 2050 7
2040 2052 7
2040 2055 8
2040 2067 7
2041 2045 3
2041 2063 4
2042 2056 5
2043 2045 4
2043 2053 8
2043 2058 6
2043 2068 6
2043 2069 2
2043 2070 5
2044 2045 6
2044 2070 7
2045 2053 4
2045 2058 4
2045 2063 5
2045 2070 6
2046 2050 3
2046 2051 6
2046 2054 7
2046 2062 5
2046 2066 7
2046 2067 3
2047 2069 3
2047 2070 1
2048 2060 7
2049 2061 8
2049 2065 8
2049 2072 8
2050 2052 7
2050 2055 7
2050 2067 8
2050 2071 6
2051 2052 5
2051 2066 5
2051 2071 7
2052 2055 7
2052 2067 7
2052 2071 6
2053 2058 6
2053 2068 6
2053 2070 5
2054 2062 6
2054 2064 6
2054 2066 7
2055 2067 7
2055 2071 5
2056 2057 4
2058 2068 7
2058 2070 4
2059 2069 3
2061 2065 8
2061 2072 8
2062 2064 7
2062 2066 6
2064 2066 6
2065 2072 8
2067 2071 6
2068 2069 2
2068 2070 4
2069 2070 3
2074 2075 7
2074 2077 7
2075 2077 8
2079 2093 3
2079 2094 5
2081 2082 6
2082 2095 4
2083 2091 7
2084 2086 3
2094 2099 1
2098 2099 0
2098 2100 7
