1 5 2
1 32 2
1 572 6
1 587 3
1 1654 3
1 1986 4
1 2015 4
2 5 2
2 14 4
2 21 4
2 591 5
2 780 3
2 1349 5
2 1365 7
2 1373 5
3 33 4
3 791 3
3 1341 6
3 1650 5
3 1651 3
3 2011 5
4 9 5
4 558 5
4 568 4
4 601 6
4 1666 5
4 1695 5
5 14 4
5 572 2
5 582 1
5 1340 2
5 1365 2
6 24 3
6 34 4
6 42 4
6 45 3
6 1663 4
6 1698 4
7 12 2
7 16 4
7 46 1
7 558 4
7 1666 3
7 1697 2
8 11 5
8 30 6
8 563 5
8 1356 5
9 11 3
9 568 6
9 601 5
9 1351 5
9 1695 5
10 41 5
10 598 5
10 796 5
10 807 4
10 1345 5
10 1361 4
10 1679 2
11 563 6
11 583 4
11 605 4
11 1351 5
11 1356 4
11 1657 5
12 16 4
12 37 5
12 556 4
12 1991 4
12 2001 3
12 2027 3
13 17 2
13 561 3
13 764 3
13 1346 4
13 1673 3
13 2006 3
13 2013 1
14 21 3
14 591 3
14 1365 4
15 1337 1
15 1339 4
15 1651 4
15 1677 3
16 37 2
16 556 5
16 558 2
16 1697 1
16 1993 4
17 38 4
17 1696 3
17 2024 2
18 35 2
18 36 2
18 559 3
18 560 3
18 567 3
18 585 3
18 1649 2
19 586 4
19 588 4
19 596 4
19 603 3
19 813 3
19 1669 6
19 1699 3
19 1987 4
20 40 5
20 603 5
20 610 2
20 1689 7
20 1699 5
20 1995 6
21 44 2
21 591 5
21 1349 3
21 1365 4
21 2018 1
22 43 2
22 570 6
22 1364 3
23 44 4
23 46 3
23 48 6
23 1347 4
23 1661 5
23 1682 3
23 1685 3
23 1697 3
24 39 3
24 42 4
24 45 3
24 597 4
24 1367 3
24 1378 4
25 29 5
25 808 3
25 1359 5
25 1371 5
25 1377 6
26 559 3
26 567 4
26 607 4
26 611 2
26 1352 4
26 1372 4
26 1692 2
26 2027 2
27 1343 1
27 1353 1
27 1379 3
27 1690 1
27 1988 2
28 599 4
28 1336 2
28 1659 5
28 1985 5
28 2025 4
29 592 4
29 1359 6
29 1371 5
29 1377 6
29 1990 3
29 2005 3
31 36 5
31 565 4
31 2012 5
32 44 0
32 572 3
32 1652 2
32 1986 4
32 1996 4
32 2021 3
33 584 3
33 593 6
33 600 5
33 1341 4
33 1659 2
33 1994 3
33 2011 5
34 42 4
34 43 3
34 579 3
34 1350 3
34 1660 4
34 1678 4
34 1698 4
35 47 5
35 560 4
35 585 5
35 594 3
35 784 4
35 1676 4
36 565 5
36 567 3
36 1649 3
37 556 2
37 607 3
37 1991 4
37 2001 5
37 2027 5
38 557 2
38 579 3
38 1696 2
38 2002 3
38 2024 4
39 42 5
39 45 6
39 1662 5
39 1668 4
40 595 2
40 610 4
40 1689 5
40 1995 4
41 594 3
41 598 5
41 796 6
41 1345 5
41 1361 3
41 1375 6
41 1679 3
42 43 3
42 45 6
42 1660 4
43 45 4
43 1660 6
43 1662 4
43 1668 3
44 1347 4
44 1661 4
44 2018 1
45 1660 4
45 1662 4
46 48 3
46 589 4
46 792 4
46 1697 6
47 560 4
47 585 5
47 594 5
48 1347 3
48 1661 4
48 1682 4
48 1685 4
48 1697 3
49 60 5
49 67 6
49 82 6
49 102 6
49 108 7
50 55 5
50 64 6
50 71 5
50 73 5
50 79 5
50 132 7
51 61 5
51 76 5
51 93 3
51 136 5
51 874 2
51 878 5
52 70 4
52 78 6
52 98 6
52 99 5
52 101 6
52 104 6
52 111 6
52 116 3
54 57 6
54 65 6
54 68 6
54 86 6
54 115 6
55 64 4
55 73 7
55 79 4
55 132 5
56 64 3
56 71 4
56 79 4
56 90 3
56 131 7
56 877 2
56 882 2
57 65 7
57 68 6
57 86 7
57 87 5
57 115 7
57 129 3
58 91 5
58 94 6
58 95 6
58 110 6
58 123 6
59 62 6
59 77 5
59 81 6
59 93 3
59 130 4
60 82 4
60 102 5
60 108 5
60 116 1
61 76 4
61 93 3
61 136 4
61 878 5
62 74 5
62 77 5
62 81 7
62 93 3
62 113 4
63 72 5
63 75 5
63 96 3
63 97 4
63 119 5
63 126 6
63 128 5
63 843 5
64 71 6
64 73 4
64 79 6
64 132 6
65 68 6
65 86 7
65 87 5
65 115 7
65 129 3
66 78 3
66 101 3
66 111 3
66 2049 6
66 2061 7
66 2065 6
66 2072 7
67 80 5
67 82 6
67 102 5
67 106 2
67 108 6
67 114 4
67 118 4
68 86 6
68 87 6
68 115 6
69 103 7
69 120 5
69 127 4
69 133 4
69 135 4
70 98 5
70 99 4
70 101 4
70 109 4
70 111 4
70 117 5
70 125 4
71 79 6
71 131 4
71 132 5
72 75 7
72 85 5
72 119 4
72 126 6
72 128 7
72 843 7
72 920 6
73 79 4
73 132 5
74 77 3
74 81 5
74 83 4
74 89 4
74 100 4
74 113 6
75 85 5
75 119 4
75 126 6
75 128 7
75 843 7
75 920 6
76 77 3
76 93 5
76 136 7
76 874 2
76 878 4
77 81 5
77 93 5
77 136 3
78 98 5
78 99 4
78 101 6
78 104 5
78 111 6
78 116 3
79 131 4
79 132 5
80 102 5
80 106 2
80 108 4
80 114 5
80 118 6
80 122 3
80 134 5
81 93 3
81 113 4
82 108 6
83 89 6
83 91 3
83 100 7
83 113 5
83 121 6
84 105 6
84 130 6
84 137 6
85 96 4
85 97 5
85 119 6
85 126 5
85 920 4
86 87 5
86 115 7
87 88 7
87 115 5
89 100 6
89 107 3
89 113 5
89 121 6
90 92 3
90 109 3
90 117 3
90 125 3
90 131 3
91 94 6
91 95 5
91 107 5
91 110 6
91 112 4
91 121 4
92 109 6
92 117 5
92 125 6
92 881 3
93 136 5
94 95 6
94 107 6
94 110 7
94 112 5
94 121 3
94 124 5
95 107 5
95 110 6
95 112 6
95 123 6
95 124 5
96 97 6
96 106 5
96 114 3
96 119 5
96 122 2
97 106 5
97 114 2
97 119 6
97 126 4
98 99 5
98 101 6
98 104 5
98 111 6
98 117 3
99 101 5
99 111 5
99 2049 4
99 2065 4
100 113 5
100 121 6
101 104 5
101 111 7
102 108 6
102 118 5
102 134 4
103 120 5
103 127 4
103 133 4
103 135 4
104 111 5
104 116 4
104 836 1
105 130 6
105 137 6
106 114 4
106 119 4
107 110 6
107 112 5
107 121 4
107 124 6
108 114 3
108 118 4
109 117 6
109 125 7
109 949 2
110 112 5
110 121 3
110 124 5
112 123 6
112 124 6
112 129 4
113 121 4
114 118 4
114 122 3
115 129 3
116 836 3
116 950 2
117 125 6
118 122 4
118 134 6
118 820 3
119 126 5
120 127 6
120 133 6
120 135 4
120 381 4
122 134 4
122 820 4
122 866 2
123 129 4
124 129 3
125 949 2
126 128 6
126 843 6
127 133 6
127 135 3
127 381 4
128 843 7
128 920 6
130 137 7
131 877 2
131 882 2
133 381 4
134 820 3
134 839 2
135 1714 2
136 878 4
138 143 4
138 157 4
138 162 2
138 168 5
138 170 7
138 188 7
138 209 1
138 221 5
139 144 3
139 162 2
139 178 5
139 231 4
140 156 6
140 163 5
140 199 4
140 201 5
140 202 5
140 211 6
140 220 3
140 654 1
141 165 5
141 181 7
141 197 6
141 199 2
141 217 3
141 1759 3
141 1789 3
141 2087 6
142 149 6
142 186 5
142 195 5
142 204 5
142 214 6
142 227 5
142 452 4
142 2076 5
143 144 4
143 152 5
143 155 5
143 157 7
143 162 5
143 170 4
143 188 4
144 152 5
144 155 4
144 157 4
144 162 6
144 178 4
144 231 3
145 169 6
145 179 7
145 206 4
145 208 6
145 210 5
146 149 6
146 182 6
146 186 7
146 195 6
146 204 7
146 227 7
147 153 4
147 164 2
147 198 4
147 209 5
148 172 7
148 175 3
148 190 6
148 206 5
148 218 6
148 1262 5
148 1287 4
148 1289 5
149 186 6
149 195 6
149 204 6
149 214 5
149 227 6
149 452 4
150 154 6
150 164 6
150 187 7
150 222 6
150 223 3
150 963 6
150 1279 5
151 176 5
151 194 5
151 200 4
151 205 5
151 226 5
151 229 4
151 614 4
151 628 3
152 155 6
152 157 5
152 162 6
152 221 4
153 173 5
153 175 5
153 198 6
153 209 4
154 164 6
154 187 6
154 222 7
154 963 7
154 1258 6
154 1279 6
154 1282 3
155 157 5
155 162 5
155 221 5
156 163 6
156 199 4
156 201 6
156 202 6
156 211 6
156 2078 5
157 162 5
157 170 4
157 188 4
158 183 6
158 193 6
158 1247 5
158 1250 4
158 1252 5
158 1257 4
158 1266 6
158 1288 5
159 174 3
159 180 4
159 189 5
159 213 2
159 224 5
159 232 4
160 185 6
160 212 6
160 229 4
160 230 6
160 233 0
160 653 3
161 166 4
161 200 3
161 203 3
161 207 5
161 219 4
161 228 6
161 2093 3
162 231 2
163 201 7
163 202 7
163 211 5
163 220 5
163 233 6
163 2078 6
164 187 6
164 222 6
164 963 6
164 1258 5
165 181 5
165 197 4
165 656 4
165 2087 6
166 192 1
166 207 4
166 216 2
166 219 5
166 228 3
167 177 7
167 215 5
167 216 4
167 2074 6
167 2075 6
167 2077 6
167 2093 4
168 170 5
168 188 5
168 191 2
168 196 2
168 221 5
169 179 6
169 208 6
169 210 6
169 231 3
170 188 7
170 209 1
170 221 5
171 191 7
171 196 7
171 213 5
171 224 3
171 225 7
172 175 3
172 190 6
172 206 5
172 218 6
172 1262 5
172 1287 4
172 1289 5
173 175 6
173 198 5
173 218 5
174 180 6
174 189 2
174 224 3
175 198 6
175 209 3
175 218 4
176 194 5
176 205 7
176 219 3
176 226 5
176 229 4
176 614 4
176 636 3
177 203 3
177 215 5
177 216 4
177 2074 6
177 2075 6
177 2077 6
177 2093 4
178 231 5
179 208 6
179 210 5
180 189 3
180 224 4
180 232 3
181 197 6
181 199 2
181 217 3
181 1759 3
181 1789 3
181 2087 6
182 186 6
182 195 6
182 204 6
182 227 6
182 1897 2
183 193 7
183 1247 5
183 1252 5
183 1266 7
184 214 4
184 2076 5
185 194 3
185 212 7
185 226 3
185 229 4
185 230 6
185 653 4
186 195 6
186 204 7
186 227 7
186 452 3
187 222 6
187 223 3
187 963 6
187 1258 5
187 1279 5
188 221 5
189 232 2
190 206 6
190 208 3
190 218 5
190 1262 5
190 1287 4
190 1289 5
191 196 7
191 213 5
191 225 7
191 232 3
192 203 4
192 215 4
192 216 5
192 625 1
192 669 1
193 1010 5
193 1247 5
193 1252 5
193 1266 7
194 205 5
194 212 3
194 226 7
194 229 6
194 614 3
195 204 6
195 214 4
195 227 6
196 213 5
196 225 7
197 199 2
197 217 4
197 1265 4
197 1759 4
197 2087 5
198 209 4
199 211 4
200 228 2
200 628 2
201 202 7
201 211 5
201 220 5
201 233 6
201 2078 6
202 211 5
202 220 5
202 233 6
202 2078 6
203 207 5
203 215 5
203 216 5
203 228 4
203 2093 6
204 227 7
204 452 3
205 219 3
205 226 5
205 229 4
205 614 4
205 636 3
206 208 4
206 218 4
207 215 3
207 216 4
207 219 3
207 228 6
207 2093 5
208 210 5
210 231 3
211 666 1
212 226 3
212 229 4
212 230 6
212 653 4
212 1743 1
213 224 4
213 225 5
213 232 5
214 452 4
214 2076 6
215 216 6
215 2074 5
215 2093 5
216 2093 5
217 656 6
217 670 6
217 1265 5
217 1754 5
217 1759 7
218 1262 4
218 1289 4
219 228 3
220 233 5
220 659 2
220 2078 5
222 963 7
222 1258 6
222 1279 6
223 612 2
223 663 1
224 225 3
224 232 5
225 232 3
226 229 6
228 2093 4
230 653 3
230 1382 2
233 2078 7
234 248 4
234 252 2
234 253 3
234 294 3
234 334 3
234 373 3
235 383 6
235 1763 6
235 1764 5
235 1766 6
236 254 5
236 278 2
236 325 5
236 345 5
236 352 4
236 367 5
236 673 5
236 699 5
237 264 4
237 274 4
237 285 5
237 298 5
237 340 5
237 342 5
237 349 4
237 355 5
238 243 2
238 271 5
238 613 6
238 622 6
238 626 5
238 1745 4
238 1748 4
239 251 2
239 272 3
239 334 4
239 371 2
240 264 6
240 331 6
240 349 7
240 389 6
241 247 3
241 292 1
241 317 3
241 353 5
242 393 3
243 271 3
243 622 2
243 633 3
243 1065 1
243 1731 4
243 1747 5
243 1751 4
244 358 2
244 375 0
244 379 2
244 1028 2
244 1046 3
244 1058 4
245 688 4
245 1018 6
245 1047 4
245 1764 1
245 1767 1
245 1771 4
246 301 6
246 323 6
246 329 7
246 360 7
246 366 7
246 368 5
246 370 7
247 292 5
247 382 1
247 615 4
247 664 2
248 250 5
248 252 3
248 269 4
248 368 1
248 373 6
248 394 3
249 274 7
249 298 6
249 340 3
249 359 6
249 377 7
250 269 6
250 276 4
250 350 3
250 373 6
250 394 4
251 272 4
251 299 4
251 335 3
251 371 5
252 269 3
252 307 3
252 350 3
252 373 4
253 294 4
253 304 6
253 334 4
253 354 6
253 362 4
253 388 5
254 325 7
254 345 7
254 367 5
254 384 4
254 699 3
255 315 4
255 328 3
255 348 4
255 374 3
255 692 3
255 1716 2
255 1722 2
255 1729 2
256 268 5
256 305 4
256 308 5
256 316 4
256 320 4
256 324 4
256 357 4
256 1069 4
257 319 5
257 1030 3
257 1049 6
257 1053 4
258 302 5
258 339 5
258 1055 4
259 275 4
259 305 4
259 390 1
259 1048 3
260 290 7
260 297 3
260 311 5
260 321 5
260 326 2
260 387 5
261 302 2
261 338 3
261 339 4
261 361 5
261 363 4
261 1055 5
261 1063 4
262 263 5
262 265 3
262 315 3
262 328 5
262 391 3
262 1061 5
262 1768 3
263 265 3
263 280 3
263 315 5
263 328 3
263 348 5
263 374 4
263 391 4
264 331 5
264 340 3
264 342 5
264 349 6
264 355 5
264 389 5
265 346 1
265 391 4
265 1034 2
265 1057 3
265 1059 3
266 267 5
266 312 6
266 341 7
266 369 5
267 312 6
267 341 5
267 369 3
268 296 6
268 308 4
268 316 4
268 320 6
268 322 4
268 324 6
268 357 5
269 276 5
269 286 1
269 350 4
269 373 5
269 394 3
270 287 5
270 330 6
270 337 5
270 365 6
270 375 5
270 376 5
271 293 3
271 613 4
271 622 5
271 626 4
271 1747 4
271 1748 3
272 335 5
272 371 4
272 1062 2
273 293 4
273 314 4
273 378 4
273 380 5
273 1065 5
273 1744 3
274 285 5
274 298 6
274 340 3
274 359 6
274 377 7
275 305 7
275 308 6
275 364 5
276 350 6
276 394 2
277 286 4
277 289 6
277 295 6
277 307 4
277 313 5
277 338 3
277 1036 4
277 1050 3
278 316 4
278 325 3
278 345 3
278 1021 5
279 280 1
279 635 4
279 1419 3
280 315 3
280 348 3
280 374 3
280 1414 2
280 1434 2
281 310 7
281 385 4
281 1016 4
281 1034 6
281 1054 4
281 1057 5
281 1059 5
282 300 4
282 633 4
283 677 3
283 682 6
283 689 6
283 702 6
283 1016 4
283 1054 4
283 1770 6
284 288 3
284 318 2
284 470 3
284 486 3
284 1415 3
285 298 5
285 342 4
285 359 5
285 377 5
286 289 5
286 302 1
286 307 6
286 313 6
286 350 4
287 327 1
287 330 6
287 337 6
287 365 6
287 375 5
287 376 6
287 390 5
288 964 4
288 965 4
288 970 4
288 986 5
288 1415 3
288 1431 4
289 295 5
289 307 5
289 313 6
289 350 3
289 1036 3
290 297 3
290 311 5
290 321 5
290 326 2
290 387 5
291 309 5
291 326 4
291 347 5
292 615 4
292 624 4
292 638 4
292 664 4
293 351 3
293 380 3
293 1744 4
294 304 3
294 334 6
294 362 6
295 307 3
295 313 4
295 338 3
295 1019 2
295 1036 5
295 1050 4
296 316 5
296 320 5
296 322 4
296 324 5
296 357 6
296 1069 5
297 321 2
297 326 2
297 1056 3
298 340 4
298 342 3
298 349 2
298 377 6
299 371 2
300 633 5
301 323 7
301 329 6
301 360 6
301 366 6
301 368 6
301 370 6
302 313 2
302 338 4
302 339 4
302 1036 2
303 322 2
303 340 4
303 355 4
303 1041 2
304 334 3
304 354 6
304 362 4
304 388 6
305 308 6
305 364 5
306 1049 2
306 1053 2
307 313 6
307 350 4
308 320 3
308 324 3
308 364 6
309 326 3
309 347 7
309 354 3
310 385 4
310 1016 4
310 1034 6
310 1054 4
310 1057 5
310 1059 5
310 1770 2
311 369 3
311 386 2
311 387 7
312 341 6
312 369 4
313 350 3
314 378 6
314 380 3
314 687 4
314 700 4
314 1065 6
314 1070 3
315 328 5
315 348 6
315 374 5
315 692 4
316 1021 5
316 1069 4
317 353 3
317 681 3
317 690 3
317 693 3
318 1411 4
318 1413 5
318 1417 3
318 1426 5
318 1430 2
319 1030 3
319 1037 3
319 1049 5
319 1053 4
320 322 5
320 324 7
320 357 6
320 1041 5
321 372 2
321 387 4
322 324 5
322 357 5
322 1037 2
322 1041 6
323 329 6
323 360 6
323 366 6
323 368 6
323 370 6
324 357 6
324 1041 5
325 345 7
325 367 5
325 384 4
325 699 3
326 347 3
327 2031 0
328 348 4
328 692 6
328 1061 6
328 1768 4
329 360 7
329 366 7
329 368 5
329 370 7
329 394 3
330 337 6
330 365 7
330 375 5
330 376 6
330 390 6
331 342 6
331 349 6
331 389 7
332 337 3
332 361 3
332 363 3
332 375 3
332 376 3
332 392 3
332 1063 3
333 351 3
333 613 2
333 624 5
333 626 3
333 632 4
333 637 4
333 664 4
333 1748 1
334 362 5
335 371 3
335 403 2
335 1028 1
335 1062 4
336 359 5
336 362 1
336 388 2
337 365 6
337 375 6
337 376 7
337 390 5
338 339 4
338 363 3
338 1036 5
338 1050 4
339 1055 4
340 355 5
341 369 5
342 349 6
342 355 5
342 389 6
344 1069 4
345 367 5
345 384 4
345 699 3
346 391 3
346 619 4
346 623 4
347 388 4
348 374 5
348 391 2
348 692 4
349 355 5
349 389 6
352 367 3
352 679 3
352 699 4
353 382 3
354 388 5
355 389 4
356 372 4
356 386 2
356 681 5
356 690 6
356 693 6
357 1041 5
357 1069 4
358 379 5
358 483 1
358 1067 6
359 377 6
360 366 7
360 368 5
360 370 7
360 394 3
361 363 6
361 392 5
361 1063 6
363 392 6
363 1036 2
363 1050 4
363 1063 7
364 390 0
365 375 5
365 376 6
365 390 6
366 368 5
366 370 7
367 384 4
368 373 1
369 386 2
369 387 3
370 394 3
372 387 2
372 690 5
372 693 5
374 676 4
374 685 4
375 376 6
376 390 5
378 700 3
378 1018 1
378 1065 6
378 1070 4
379 1058 3
379 1067 4
380 1065 4
380 1732 4
380 1739 4
381 1055 2
382 643 2
382 1204 2
383 674 5
383 675 4
383 680 5
383 686 4
383 1763 7
383 1764 5
383 1766 7
385 1034 5
385 1057 5
385 1059 5
385 1768 2
392 1019 3
392 1050 5
392 1063 6
395 437 4
395 453 5
395 489 6
395 1505 3
396 412 5
396 467 6
396 484 3
396 1460 5
396 1463 4
396 1475 4
396 1585 4
397 404 3
397 424 2
397 1449 6
397 1474 4
397 1527 5
397 1546 4
397 1547 4
398 434 1
398 1586 2
399 407 6
399 413 5
399 419 7
399 457 5
399 463 3
399 483 3
400 439 5
400 469 4
400 1447 3
400 1489 5
400 1506 3
401 462 3
401 470 1
401 474 3
401 478 3
401 1898 2
402 465 7
402 1506 6
403 405 3
403 466 3
403 1062 3
404 409 5
404 411 5
404 444 4
404 1474 5
404 1502 4
404 1527 4
404 1547 6
405 466 7
406 422 3
406 426 2
406 451 4
406 486 2
406 981 1
406 1000 2
406 1431 3
407 413 6
407 419 6
407 421 2
407 422 3
407 426 4
407 457 5
407 463 4
408 415 3
408 425 2
408 430 2
408 447 3
408 477 4
408 991 3
408 1380 2
408 1405 4
409 411 5
409 444 5
409 1534 2
409 1547 4
410 435 5
410 968 5
410 980 4
410 998 3
410 1383 6
410 1391 5
410 1565 4
411 444 5
411 1474 3
411 1502 3
411 1534 2
411 1547 4
412 467 4
412 484 5
412 1407 5
412 1460 5
412 1463 5
412 1492 6
413 419 5
414 427 3
414 442 4
414 488 4
414 1443 4
414 1486 3
414 1503 2
414 1542 3
415 430 2
415 447 4
415 464 6
415 477 4
415 481 4
415 1512 6
415 1577 5
416 423 7
416 429 5
416 438 4
416 460 4
416 475 7
416 487 6
416 493 6
417 420 3
417 428 3
417 1408 3
418 427 6
418 1486 6
418 1503 6
418 1519 6
418 1559 4
419 457 5
419 483 3
420 428 6
420 445 4
421 422 4
421 426 4
421 474 3
421 1430 4
421 1433 2
422 426 5
422 457 2
422 986 1
422 1431 2
422 1433 2
423 429 5
423 438 4
423 460 4
423 475 7
423 487 6
423 493 6
423 981 1
424 437 5
424 453 5
424 482 5
424 489 4
424 1449 3
424 1537 5
424 1554 6
425 430 4
425 439 4
425 471 3
425 490 4
425 1405 3
425 1493 5
425 1504 6
426 457 3
426 463 3
426 474 2
427 1486 7
427 1503 6
427 1509 4
427 1519 6
428 445 5
429 438 6
429 463 2
429 475 5
429 487 5
429 493 4
429 1408 5
430 481 4
430 490 4
430 1493 4
430 1504 4
430 1556 5
431 446 6
432 445 0
432 1448 2
432 1584 2
433 461 6
433 476 2
433 491 6
433 1451 3
433 1511 5
433 1536 6
433 1550 5
433 1564 6
434 1462 2
434 1566 2
435 1383 4
435 1391 6
435 1475 2
435 1565 5
435 1585 1
436 953 3
436 955 3
436 967 2
437 453 6
437 454 6
437 482 6
437 489 5
437 1537 4
437 1554 5
438 463 3
438 487 4
438 1408 5
439 469 5
439 471 2
439 490 5
439 1489 5
439 1493 5
439 1504 4
440 443 4
440 483 4
441 448 2
441 458 2
441 494 1
442 479 4
442 488 6
442 1389 4
442 1443 6
442 1516 5
442 1542 6
443 483 6
444 1534 4
447 464 4
447 477 5
448 494 1
449 462 1
450 704 2
451 486 2
451 1000 5
451 1148 2
451 1228 3
451 1234 3
452 479 2
452 1454 2
453 482 5
453 489 6
453 1528 5
453 1537 5
453 1554 6
454 482 5
455 476 1
455 482 4
455 489 5
455 1528 4
456 473 2
456 494 4
456 1003 2
456 1828 3
457 463 3
457 964 1
457 970 1
458 485 4
458 1395 4
458 1400 4
458 1403 3
459 462 4
459 478 1
460 474 3
460 475 4
460 478 4
460 487 5
460 493 5
461 491 5
461 1511 5
461 1536 6
461 1550 5
461 1564 6
462 478 3
462 1898 3
464 481 3
464 1512 5
464 1540 5
464 1577 6
465 1506 6
467 1460 5
467 1463 4
467 1475 5
467 1585 5
468 492 5
468 1451 4
468 1452 7
468 1522 6
468 1543 4
468 1585 2
469 490 5
469 1399 1
469 1489 5
469 1493 4
470 485 1
470 486 5
470 1433 3
471 991 2
471 1405 2
471 1447 4
471 1461 5
471 1484 5
471 1504 3
472 492 3
472 1534 3
472 1543 4
472 1551 5
472 1555 6
472 1575 4
473 1791 3
473 1828 3
474 478 3
474 486 1
475 487 6
475 493 6
476 1534 2
476 1555 3
476 1558 6
477 1512 4
477 1556 3
478 487 3
478 493 3
479 488 5
479 1389 6
479 1392 5
479 1443 5
479 1454 6
479 1516 6
480 1467 3
480 1482 6
480 1515 2
480 1520 5
480 1544 5
480 1552 5
480 1574 4
481 490 3
481 1512 4
482 489 5
482 1537 4
482 1554 5
484 1402 4
484 1407 5
484 1492 6
485 1417 2
485 1433 3
486 1430 2
486 1431 1
486 1433 2
487 493 6
488 1389 5
488 1392 4
488 1443 6
488 1516 5
488 1542 5
489 1528 5
489 1554 5
490 1489 4
490 1493 5
490 1504 4
491 1536 5
491 1564 5
492 1452 5
492 1522 4
492 1555 2
493 981 1
494 1427 2
495 497 2
495 503 4
495 510 2
495 523 3
495 541 5
495 1957 4
495 1958 4
495 1961 4
496 502 6
496 508 5
496 528 4
496 551 5
496 553 2
496 554 4
496 1923 1
497 499 5
497 511 6
497 538 4
497 539 6
497 541 4
497 1942 4
497 1957 5
498 505 6
498 535 5
498 542 5
498 545 7
498 1939 3
499 511 6
499 539 6
499 1942 6
499 1967 6
500 509 6
500 519 4
500 520 5
500 544 6
500 1920 7
500 1926 7
500 1950 4
501 506 3
501 514 3
501 547 5
501 1968 4
502 508 6
502 528 3
502 551 6
502 553 2
502 554 4
502 1923 2
503 510 5
503 523 6
503 541 2
503 1911 5
503 1955 5
503 1961 6
503 1971 5
504 526 6
504 552 5
504 1948 6
504 1954 6
504 1976 4
505 515 4
505 535 5
505 537 4
505 542 5
505 545 6
505 1939 3
505 1948 2
506 514 5
506 524 4
506 1930 2
507 518 5
507 525 5
507 531 5
507 536 4
507 546 4
507 729 3
507 753 2
507 1597 3
508 528 3
508 551 6
508 553 2
508 554 4
509 519 5
509 520 6
509 530 3
509 544 5
509 549 5
509 1920 6
509 1926 6
510 523 6
510 535 1
510 1911 4
510 1955 4
510 1971 5
510 1980 2
511 539 5
511 1942 5
511 1957 5
511 1967 5
512 516 5
512 517 4
512 540 1
512 555 4
513 519 5
513 522 7
513 528 3
513 530 7
513 549 5
513 762 0
514 524 3
515 526 3
515 535 3
515 537 7
515 545 4
515 552 4
515 1948 5
515 1959 2
516 517 2
516 540 2
516 555 2
517 547 3
517 555 6
517 1964 3
518 525 6
518 536 6
518 546 5
519 520 6
519 522 5
519 530 5
519 549 6
519 1926 4
520 522 4
520 530 4
520 549 6
520 1920 5
520 1926 5
521 532 7
521 533 4
521 543 3
521 720 4
521 744 3
521 751 4
522 528 3
522 530 7
522 549 5
523 1911 5
523 1955 5
523 1961 6
523 1971 6
523 1980 2
524 547 2
524 1930 4
525 536 5
525 546 4
526 537 3
526 542 2
526 552 6
526 1948 5
526 1954 6
526 1976 4
527 540 3
527 1910 5
527 1928 3
527 1932 5
527 1952 4
528 530 3
528 554 3
529 533 5
529 729 2
529 751 4
529 1617 4
530 549 5
531 729 4
531 755 5
531 1597 5
531 1619 2
532 533 4
532 543 3
532 708 3
532 720 4
532 751 4
533 546 2
533 708 4
533 751 6
533 1604 4
533 1617 6
534 544 0
534 548 3
534 550 2
534 1953 2
535 537 3
535 545 5
535 1939 4
536 546 5
537 545 4
537 552 4
537 1948 5
537 1959 2
538 539 4
538 541 4
538 550 3
538 1949 4
538 1953 3
539 541 3
539 1942 5
539 1949 4
539 1957 4
540 1928 5
540 1932 4
540 1937 4
541 1957 5
541 1958 4
542 545 5
542 552 3
543 744 5
543 752 5
543 1629 4
544 1920 6
544 1926 6
544 1950 4
545 552 3
545 1939 3
546 753 3
546 1604 3
547 555 2
547 1930 3
547 1964 3
547 1968 5
549 1920 4
549 1926 4
550 1908 3
550 1953 4
550 1965 2
551 554 4
552 1948 5
552 1954 5
554 1913 2
554 1916 2
554 1974 2
555 1919 3
555 1964 4
557 571 3
557 576 4
557 2002 5
557 2020 7
557 2024 5
558 601 5
558 1666 6
559 567 5
559 585 3
559 607 4
559 1352 5
559 1376 3
559 1672 5
560 585 6
560 594 4
561 609 3
561 764 5
561 777 3
561 1346 5
561 1673 6
561 1694 2
562 573 4
562 582 6
562 800 4
562 1670 4
563 583 5
563 605 5
563 1351 5
563 1356 4
563 1657 5
564 569 3
564 608 5
564 797 5
564 1646 6
564 1665 5
564 1675 4
564 1686 5
564 2000 6
565 611 2
565 765 2
565 1649 2
566 773 6
566 800 4
566 805 4
566 1368 6
566 1653 2
566 1664 5
566 1670 4
567 607 3
567 1352 5
567 1672 4
568 583 5
568 601 5
568 605 5
568 1351 5
568 1657 5
568 1695 6
569 769 4
569 795 0
569 1374 3
569 1665 5
569 1674 3
569 1686 4
570 576 2
570 590 2
570 1364 3
571 577 7
571 604 4
571 1653 3
571 1658 5
571 1691 3
571 2020 3
572 587 2
572 1360 1
572 1652 2
572 1654 2
572 1986 4
573 582 3
573 766 5
573 770 5
574 1647 5
574 1681 4
574 2008 5
575 767 5
575 783 4
575 1645 4
576 590 4
576 2002 6
576 2020 4
576 2024 4
577 604 4
577 1653 3
577 1658 5
578 782 3
578 784 5
578 1649 6
578 1676 4
579 590 4
579 1338 3
579 1350 4
579 1678 5
579 1696 3
580 586 5
580 603 2
580 785 5
580 813 4
580 1674 3
580 1699 2
580 2029 3
581 602 2
581 772 2
581 1337 5
581 1348 4
581 1362 5
581 1677 3
581 2014 4
583 601 3
583 605 7
583 1351 6
583 1657 6
583 1695 4
584 593 4
584 599 2
584 600 4
584 1687 3
584 1988 4
584 1994 5
584 2019 5
585 594 3
586 785 7
586 813 6
586 1669 4
586 2029 5
587 773 4
587 805 4
587 1654 7
587 1664 4
587 1670 5
587 2015 5
588 596 5
588 602 4
588 603 4
588 802 3
588 1699 4
588 1987 5
588 1995 3
589 1648 2
589 1666 2
589 1697 4
589 2008 2
590 1678 3
590 2002 3
591 780 2
591 1349 4
591 1365 5
591 1991 1
592 609 0
592 1366 0
592 1371 2
592 1990 3
592 2005 3
592 2016 3
593 600 6
593 1341 4
593 1659 2
593 1687 4
593 1994 3
593 2011 4
594 796 3
594 1345 2
594 1375 4
595 610 5
595 775 6
595 795 4
595 806 5
595 1343 4
595 1667 4
595 1690 4
596 602 4
596 772 4
596 802 4
596 1669 4
596 1987 3
597 799 2
597 1367 6
597 1700 2
598 796 6
598 807 5
598 1345 6
598 1361 2
598 1375 4
598 1376 3
599 1342 2
599 1985 4
599 1994 3
599 2025 7
600 1341 5
600 1650 3
600 1687 3
600 1994 3
600 2011 5
601 605 3
601 1666 5
601 1695 6
602 772 5
602 802 4
602 1667 1
603 1689 5
603 1699 7
603 1987 5
603 1995 5
604 606 5
604 779 5
604 1658 4
604 2017 0
605 1351 6
605 1657 6
605 1695 4
606 779 6
606 793 3
606 1688 1
606 1691 3
607 1352 5
607 1376 2
607 2001 5
607 2027 4
608 1646 6
608 1675 4
608 1686 3
608 1688 6
608 2000 5
609 764 5
609 798 1
609 1346 3
609 1367 1
609 1673 3
610 775 4
610 795 4
610 806 5
610 1667 3
610 1689 2
611 786 3
611 789 5
611 1355 3
611 1372 5
611 1692 6
611 1693 5
612 621 3
612 1740 5
612 1757 4
612 1761 6
613 615 3
613 622 6
613 626 6
613 1745 4
614 628 4
614 634 3
614 636 5
614 641 4
615 622 2
615 626 4
615 632 3
616 630 6
616 645 6
616 650 6
616 655 6
616 658 6
616 668 3
616 671 6
616 1756 5
617 629 2
617 636 3
617 641 4
617 665 3
617 1388 4
617 1397 5
618 640 6
618 648 6
618 651 6
618 661 5
618 1738 6
618 1743 6
618 1781 0
619 620 5
619 623 7
619 657 5
619 672 3
620 623 5
620 627 3
620 635 4
620 639 5
620 657 6
620 667 5
620 1762 4
621 643 3
621 647 3
621 649 4
621 663 3
621 1740 2
621 1757 5
622 626 5
623 657 5
623 667 3
623 672 3
623 1762 5
624 632 5
624 637 6
624 638 6
624 664 6
625 629 6
625 652 6
625 665 6
625 669 6
625 1387 5
625 1388 5
626 632 2
626 1748 3
627 631 4
627 635 5
627 639 3
627 667 3
627 1749 6
627 1758 6
628 1435 2
628 2079 1
629 652 7
629 665 6
629 669 6
629 1387 5
629 1388 5
629 1853 3
630 645 7
630 650 6
630 655 6
630 658 7
630 662 7
630 671 7
630 1756 5
631 1749 5
631 1758 4
632 637 5
632 638 5
632 664 5
633 1740 2
633 1761 2
634 636 5
634 641 6
635 639 4
635 657 3
635 667 4
635 1749 4
635 1758 4
636 641 6
637 638 7
637 664 7
638 664 7
639 642 5
639 657 5
639 667 6
639 1762 4
640 648 6
640 651 6
640 653 3
640 659 3
640 661 5
640 1738 6
640 1743 6
641 665 2
641 1388 2
642 657 4
642 667 4
642 672 3
642 1741 2
642 1762 6
643 644 3
643 646 5
643 647 7
643 649 5
644 647 3
644 649 2
644 982 2
645 650 6
645 655 6
645 658 7
645 662 7
645 671 7
645 1756 5
646 647 5
646 649 6
646 979 1
647 649 5
648 651 7
648 661 5
648 1738 7
648 1743 7
649 1757 3
650 655 7
650 658 6
650 662 6
650 671 6
651 653 4
651 661 5
651 1738 7
651 1743 7
652 665 6
652 669 6
652 1387 5
652 1388 5
652 1853 3
653 1738 4
653 1743 4
654 661 1
654 666 6
654 1243 4
654 1273 4
654 1284 4
655 658 6
655 662 6
655 668 3
655 671 6
656 670 6
656 1754 5
656 1759 6
657 667 5
657 1762 5
658 662 7
658 671 7
659 1799 3
659 1883 3
660 1735 7
660 1736 7
660 1737 7
660 1742 7
660 1746 7
660 1753 6
660 1760 6
661 1738 5
661 1743 5
662 671 7
662 1756 5
665 669 5
665 1387 5
665 1388 6
666 1243 3
666 1273 3
666 1284 3
668 1735 3
668 1737 3
668 1742 3
668 1746 3
669 1387 5
669 1388 4
669 1853 3
670 1754 6
670 1759 6
671 1756 5
672 1741 4
672 1760 1
672 1762 4
673 679 2
673 699 5
674 675 4
674 677 4
674 680 6
674 686 4
674 689 1
674 1763 5
674 1766 5
675 680 5
675 681 4
675 686 7
675 690 4
675 693 4
675 1766 4
676 685 6
676 692 2
677 680 3
677 682 3
677 689 4
677 702 4
678 684 2
678 688 3
678 700 4
678 1018 5
678 1047 4
678 1070 5
678 1771 5
679 681 3
679 699 4
680 686 5
680 693 2
680 1763 5
680 1766 5
681 686 4
681 690 6
681 693 6
682 689 6
682 702 6
682 1770 6
683 691 5
683 1416 4
683 1423 3
683 1437 4
684 701 2
684 1026 4
684 1765 5
684 1767 4
684 1773 4
685 1434 2
686 690 4
686 693 4
686 1766 4
687 700 6
688 1018 5
688 1047 4
688 1764 3
689 702 7
689 1016 4
689 1054 4
689 1770 6
690 693 7
691 698 0
691 1416 4
691 1423 4
692 1061 5
692 1768 3
694 979 5
694 1491 6
694 1541 6
700 1065 3
700 1070 5
700 1771 3
701 1044 3
701 1767 4
701 1773 3
702 1016 4
702 1054 4
702 1770 6
705 706 4
707 732 3
707 757 5
707 1615 4
707 1620 4
707 1626 7
707 1635 7
708 716 3
708 720 4
708 751 5
708 753 2
708 1604 6
708 1617 5
709 724 6
709 737 4
709 739 5
709 748 5
709 1592 5
709 1605 4
709 1613 7
709 1614 6
710 712 3
710 727 6
710 747 3
710 760 6
710 1611 3
710 1637 4
710 1639 4
710 1643 4
712 723 3
712 738 4
712 761 7
712 1594 3
712 1611 7
712 1637 4
712 1639 6
713 736 5
713 742 3
713 1591 5
713 1616 5
713 1618 6
713 1641 7
713 1644 5
714 726 4
714 740 6
714 747 2
714 763 4
714 1588 3
714 1596 2
714 1601 3
715 741 6
715 754 3
715 1589 5
715 1631 4
715 1636 4
715 1642 3
715 1966 1
716 720 3
716 742 3
716 744 2
716 753 5
716 1604 3
716 1644 2
717 723 4
717 738 4
717 749 5
717 750 5
717 1621 2
717 1622 3
718 719 3
718 725 5
718 740 0
718 746 5
718 754 3
718 1627 4
718 1636 4
719 725 5
719 756 3
719 1624 6
719 1627 3
719 1630 3
720 744 4
720 751 4
720 752 4
720 1604 3
721 728 5
721 1589 3
721 1600 5
721 1631 4
721 1642 5
721 1936 5
721 1937 3
722 731 5
722 762 6
722 1602 7
722 1603 5
722 1607 3
722 1632 7
723 738 5
723 749 5
723 761 3
723 1587 1
723 1611 3
723 1622 4
724 734 4
724 737 5
724 739 4
724 1592 5
724 1605 5
724 1613 6
724 1614 6
725 746 3
725 1624 4
725 1627 3
725 1636 2
726 740 4
726 754 1
726 758 3
726 1601 5
726 1625 4
727 747 4
727 760 6
727 1606 4
727 1643 4
728 730 1
728 1600 4
728 1642 3
728 1928 3
728 1936 5
728 1937 4
729 755 5
729 1597 5
730 756 6
730 1623 5
730 1910 2
731 759 4
731 1602 5
731 1603 7
731 1616 4
731 1618 3
731 1632 5
731 1644 2
732 743 4
732 757 3
732 758 6
732 1601 3
732 1608 4
732 1612 5
732 1625 5
733 739 1
733 748 1
733 1590 4
733 1595 5
733 1598 6
733 1621 5
733 1634 5
734 737 6
734 1594 4
734 1605 6
734 1614 3
734 1640 5
735 1590 5
735 1595 6
735 1599 7
735 1634 6
736 1591 5
736 1616 6
736 1618 5
736 1641 5
737 1594 3
737 1605 7
737 1613 4
737 1640 5
738 749 4
738 750 3
738 761 4
738 1611 4
738 1639 3
739 748 7
739 750 2
739 1592 5
739 1613 5
739 1614 5
740 763 3
740 1588 2
741 746 4
741 754 3
741 1589 6
741 1627 4
741 1631 5
741 1636 4
741 1642 4
742 753 3
742 1597 3
742 1618 3
742 1619 5
742 1641 3
742 1644 5
743 758 4
743 1596 4
743 1608 3
743 1612 6
743 1625 5
743 1637 2
744 752 7
744 759 2
744 1629 4
745 757 3
745 1587 6
745 1609 5
745 1610 6
745 1620 4
745 1638 6
746 754 4
746 1589 3
746 1627 4
746 1636 5
747 760 3
747 763 3
747 1606 5
747 1643 4
748 750 2
748 1592 5
748 1613 5
748 1614 5
749 750 3
749 1609 3
749 1622 5
750 1621 2
751 1604 4
751 1617 7
752 759 2
752 1629 4
753 1597 3
753 1604 3
753 1644 2
754 1615 2
754 1636 5
755 1597 7
755 1619 4
756 1623 5
756 1624 3
756 1910 2
757 758 2
757 1608 4
757 1620 5
757 1626 5
757 1638 4
758 1601 4
758 1608 4
758 1612 5
758 1625 6
759 1602 4
759 1603 4
759 1632 4
760 1639 3
760 1640 1
760 1643 4
761 1594 3
761 1611 7
761 1637 4
761 1639 6
762 1602 6
762 1607 3
762 1632 6
763 1588 5
763 1593 4
763 1628 4
764 1346 5
764 1663 1
764 1673 4
765 782 4
765 783 4
765 786 5
765 789 4
765 1683 7
766 770 5
767 783 6
767 786 4
767 1645 3
768 777 3
768 805 2
768 812 5
768 1340 3
768 1360 4
768 1694 4
769 797 6
769 1665 5
769 1674 4
769 1686 6
770 800 5
771 776 4
771 794 3
771 803 6
771 809 4
771 1344 0
771 1370 4
772 790 3
772 802 5
773 800 5
773 805 5
773 1368 6
773 1654 4
773 1664 6
773 1670 5
774 811 7
774 1339 4
775 776 4
775 795 5
775 806 5
775 1343 5
775 1667 4
775 1690 5
776 795 3
776 803 5
776 1343 4
776 1370 6
776 1690 5
777 812 5
777 1360 5
777 1673 4
777 1694 5
778 792 2
778 801 3
778 808 3
778 810 6
779 793 3
780 1349 4
780 1355 4
780 1373 5
780 1645 5
780 1692 2
780 1693 3
782 784 2
782 1649 3
782 1683 4
783 786 5
783 1683 4
784 1649 4
784 1676 5
785 813 6
786 789 5
786 1683 5
786 1692 3
786 1693 3
787 788 4
788 1338 5
788 1346 3
788 1350 4
788 1696 4
789 1372 4
789 1683 4
789 1692 5
789 1693 5
790 1348 2
790 1362 3
791 1336 3
791 1353 5
791 1659 5
791 1687 5
792 810 3
793 1354 5
793 1363 5
793 1369 5
793 1658 3
793 1691 4
794 803 2
794 809 6
794 811 2
795 806 5
796 807 5
796 1345 6
796 1375 5
797 1646 4
797 1686 7
798 808 1
799 1367 3
799 2010 3
800 1368 5
801 808 6
801 810 2
802 806 2
802 1667 2
803 809 3
803 1370 5
805 1654 4
805 1664 6
805 1670 5
806 1343 3
806 1667 5
807 1345 6
807 1376 4
807 1672 2
808 810 2
808 1377 3
811 1339 4
812 1340 2
812 1360 6
812 1366 3
812 1652 2
812 1694 4
813 1655 6
813 1669 4
814 822 5
814 825 6
814 865 5
814 872 5
815 859 5
815 872 3
815 905 3
816 830 5
816 844 6
816 853 6
816 912 5
816 923 6
816 939 6
817 818 4
817 850 5
817 867 7
817 889 6
817 893 4
817 897 6
817 942 5
818 850 6
818 867 4
818 893 7
818 897 5
818 921 4
818 928 6
819 835 4
819 868 5
819 894 7
819 910 4
819 911 5
819 918 5
819 929 7
820 837 3
820 838 3
820 866 5
820 946 5
821 846 4
821 879 7
821 887 7
821 891 7
821 936 6
822 825 6
822 865 4
822 912 4
822 923 3
822 939 3
823 826 6
823 834 2
823 847 4
823 864 7
823 870 4
823 908 5
824 896 6
824 902 6
824 913 6
824 927 5
824 938 6
825 865 5
825 872 5
825 912 4
826 847 5
826 864 6
826 870 5
826 908 6
826 952 4
827 833 4
827 880 3
827 898 6
827 904 5
827 909 6
827 943 6
828 876 6
828 886 6
828 899 5
828 906 6
828 907 4
829 852 4
829 854 6
829 901 6
829 905 4
829 915 4
830 844 6
830 853 6
830 863 4
830 875 5
830 922 5
830 923 5
830 939 5
831 832 5
831 840 7
831 910 5
831 914 4
831 918 4
831 931 6
831 941 5
832 840 5
832 892 3
832 910 3
832 914 6
832 931 5
832 934 4
832 941 7
833 893 3
833 897 1
833 898 3
833 909 5
833 921 5
833 928 4
833 943 4
834 835 3
834 868 2
834 870 2
834 936 2
835 868 6
835 870 2
835 894 4
835 911 5
835 929 4
836 865 4
836 950 4
837 838 7
837 839 5
837 854 3
837 857 4
837 866 5
837 901 4
837 946 5
838 839 5
838 854 3
838 857 4
838 866 5
838 901 4
838 946 5
839 866 5
839 901 3
840 910 5
840 914 4
840 918 4
840 929 2
840 931 6
840 941 5
841 881 4
841 924 5
841 933 5
841 949 4
842 895 4
843 920 6
844 853 6
844 863 5
844 903 3
844 922 6
844 923 5
844 939 5
845 848 2
845 855 4
845 874 4
845 883 6
845 919 2
845 932 5
845 951 4
846 879 4
846 942 3
847 864 4
847 908 5
847 952 5
848 856 5
848 857 2
848 883 1
848 900 5
848 919 7
848 944 6
849 851 5
849 860 7
849 862 5
849 884 5
849 885 6
849 890 5
849 935 5
849 940 5
850 867 5
850 889 4
850 893 6
850 897 6
850 928 5
851 860 5
851 885 4
851 890 7
851 902 0
851 933 5
852 854 3
852 856 4
852 857 3
852 900 4
853 863 4
853 912 5
853 922 6
853 923 6
853 939 6
854 901 6
854 905 5
854 915 5
855 874 6
855 883 4
855 930 3
855 932 6
855 951 7
856 900 6
856 919 5
856 944 6
857 866 4
857 900 4
857 946 4
858 871 4
858 886 4
858 899 5
858 906 4
858 907 6
858 917 4
858 937 4
858 947 5
859 872 1
859 905 5
860 862 5
860 884 5
860 885 6
860 890 5
860 935 5
860 940 5
861 869 6
861 892 6
861 895 5
861 914 3
861 934 5
861 945 6
861 948 6
862 884 7
862 885 5
862 935 7
863 903 5
863 922 5
863 935 2
863 940 2
864 870 4
864 908 5
865 872 5
865 950 2
866 946 6
867 889 6
867 893 4
867 897 6
867 942 5
868 894 5
868 911 5
868 929 5
869 892 6
869 895 4
869 934 5
869 945 6
869 948 6
870 908 6
870 911 2
870 952 5
871 907 3
871 917 7
871 925 7
871 930 4
871 937 6
871 947 6
873 876 1
874 878 2
874 883 4
874 932 6
874 951 6
876 886 6
876 899 5
876 906 6
877 882 7
877 924 1
878 920 2
879 887 7
879 891 7
879 936 6
880 896 4
880 898 4
880 904 5
880 913 4
880 916 6
880 926 5
880 927 4
881 924 4
881 949 5
882 924 1
883 932 5
883 951 4
884 885 5
884 903 4
884 935 7
884 940 6
885 890 4
885 903 2
885 935 5
886 899 6
886 906 7
886 907 5
887 889 3
887 891 7
887 936 6
887 942 4
888 902 3
889 897 5
889 936 3
889 942 6
890 933 5
890 940 4
891 936 6
892 914 4
892 934 6
892 941 3
892 945 7
892 948 5
893 897 5
893 921 4
893 928 6
894 910 4
894 911 5
894 918 5
894 929 7
895 948 5
896 902 5
896 913 7
896 916 4
896 938 7
897 942 4
898 904 6
898 909 5
898 916 4
898 926 4
898 943 6
899 906 6
899 907 6
899 947 3
900 919 5
900 944 6
901 905 5
901 915 5
901 946 2
902 913 5
902 926 2
902 927 4
902 938 5
903 922 3
903 935 4
903 940 4
904 909 4
904 916 5
904 926 5
904 927 3
904 943 5
905 915 5
906 907 5
907 937 3
907 947 4
908 952 5
909 921 4
909 928 2
909 943 6
910 918 6
910 929 4
910 931 5
911 918 3
911 929 5
911 952 3
912 922 4
912 923 6
912 939 6
913 916 4
913 926 4
913 927 6
913 938 7
914 931 4
914 934 5
914 941 6
915 950 1
916 926 6
916 927 4
916 943 3
917 925 7
917 937 6
917 947 6
918 929 5
918 931 4
919 944 6
921 928 5
921 943 3
922 923 5
922 939 5
923 939 7
924 933 3
924 949 3
925 930 4
925 937 6
925 947 6
926 927 5
926 943 3
927 938 6
930 937 3
930 947 3
930 951 3
931 941 5
932 951 6
934 941 4
934 945 6
935 940 6
936 942 3
937 947 6
945 948 5
953 955 6
953 967 4
953 977 2
953 993 4
954 961 3
954 983 4
954 987 6
954 1122 3
954 1131 3
954 1153 4
954 1198 3
954 1223 3
955 967 5
955 977 2
955 1005 1
956 1008 4
957 1058 0
958 962 6
958 974 3
958 976 5
958 977 2
959 965 2
959 967 2
959 1005 4
959 1009 4
959 1013 2
959 1415 3
960 969 5
960 998 5
960 1004 6
960 1390 5
960 1396 5
960 1455 4
960 1507 4
961 982 2
961 1001 6
961 1198 5
962 974 3
962 976 4
962 977 2
963 1258 6
963 1279 6
963 1282 3
964 965 6
964 970 7
964 986 5
964 1013 5
964 1234 4
964 1431 4
965 970 6
965 986 5
965 1013 6
965 1234 4
965 1431 4
966 1006 5
966 1267 5
966 1282 5
967 977 3
967 1005 3
967 1009 3
968 980 6
968 998 5
968 1004 4
968 1383 4
968 1390 4
968 1391 3
968 1396 4
969 988 1
969 998 4
969 1004 5
969 1390 4
969 1396 4
969 1507 3
969 1583 2
970 986 5
970 1013 5
970 1234 4
970 1431 4
971 973 6
971 984 7
971 988 6
971 990 6
971 1517 7
971 1583 5
972 993 4
972 1007 6
973 984 6
973 985 6
973 990 7
973 1469 5
973 1517 6
973 1578 6
974 978 1
975 978 4
975 989 6
975 1002 6
976 977 4
978 989 4
978 1002 4
979 1491 4
979 1541 4
980 998 5
980 1004 4
980 1383 4
980 1390 5
980 1394 4
980 1396 5
981 1000 4
981 1101 3
981 1228 3
982 1001 2
982 1121 3
983 987 5
983 1119 4
983 1421 6
984 985 6
984 988 6
984 990 6
984 1517 7
984 1578 6
984 1583 5
985 988 5
985 990 6
985 1469 5
985 1517 6
985 1578 7
985 1583 4
986 1013 4
986 1415 3
986 1431 5
987 1421 4
988 990 5
988 1517 6
988 1578 5
988 1583 6
989 1002 7
990 1469 5
990 1517 6
990 1578 6
991 1011 5
991 1380 6
991 1385 4
991 1386 5
991 1405 6
992 1733 1
993 1007 3
993 1169 1
994 1385 6
994 1399 4
995 1003 1
995 1402 1
995 1407 2
995 1807 2
995 1862 3
996 1406 3
996 1479 4
996 1485 6
996 1488 4
996 1560 2
996 1783 3
997 1012 7
997 1259 2
998 1004 6
998 1390 6
998 1396 6
999 1014 3
999 1253 5
999 1272 6
999 1274 5
999 1280 6
1001 1096 4
1002 1185 4
1004 1390 6
1004 1396 6
1005 1009 7
1005 1105 1
1005 1415 2
1005 1432 3
1006 1258 3
1006 1260 4
1006 1267 6
1006 1277 0
1006 1282 6
1008 1014 3
1008 1801 2
1008 1827 2
1008 1899 4
1009 1415 2
1009 1432 3
1010 1247 6
1010 1250 5
1010 1266 5
1010 1281 4
1010 1288 6
1011 1380 5
1011 1385 4
1011 1386 7
1011 1406 4
1011 1500 4
1012 1251 3
1012 1257 5
1014 1253 4
1014 1263 3
1014 1899 3
1015 1019 1
1015 1037 5
1015 1041 4
1016 1054 7
1016 1770 5
1017 1042 3
1017 1048 5
1017 1051 2
1017 1064 5
1018 1047 5
1018 1070 4
1018 1771 5
1019 1036 3
1019 1037 1
1019 1046 3
1019 1050 4
1021 1027 2
1023 1033 5
1023 1038 4
1023 1066 4
1023 1769 3
1023 1772 2
1023 1774 5
1024 1068 2
1025 1042 7
1025 1048 4
1025 1064 5
1026 1029 4
1026 1040 4
1026 1765 3
1026 1767 5
1026 1773 7
1028 1030 4
1028 1046 1
1028 1053 3
1028 1062 3
1029 1035 6
1029 1040 5
1029 1044 5
1029 1045 6
1029 1056 5
1029 1773 4
1030 1049 4
1030 1053 5
1031 1052 1
1032 1071 6
1032 1275 5
1032 1291 5
1032 1478 2
1033 1038 2
1033 1066 4
1033 1705 2
1033 1715 2
1033 1721 2
1033 1769 3
1033 1774 6
1034 1054 3
1034 1057 5
1034 1059 6
1035 1040 4
1035 1044 6
1035 1045 7
1035 1056 6
1035 1060 3
1035 1767 1
1035 1773 3
1036 1050 5
1038 1039 5
1038 1772 5
1038 1774 2
1039 1772 6
1040 1045 4
1040 1064 1
1040 1773 4
1042 1048 4
1042 1064 5
1043 1275 4
1043 1291 4
1044 1045 6
1044 1056 6
1044 1060 3
1045 1056 6
1045 1060 3
1046 1058 2
1047 1070 3
1047 1771 5
1048 1064 5
1049 1053 5
1050 1063 4
1051 1064 2
1051 1069 5
1054 1770 5
1056 1060 3
1057 1059 6
1058 1062 4
1061 1768 5
1065 1070 3
1066 1752 3
1066 1769 3
1066 1774 5
1070 1771 5
1071 1478 2
1072 1098 6
1072 1100 6
1072 1113 6
1072 1150 5
1072 1155 6
1072 1186 5
1072 1227 5
1072 1235 4
1073 1141 3
1073 1199 3
1073 1207 4
1073 1214 5
1073 1224 3
1074 1083 5
1074 1133 4
1074 1137 5
1074 1141 6
1074 1207 4
1074 1226 4
1074 1232 4
1075 1080 5
1075 1106 5
1075 1109 2
1075 1169 5
1075 1170 5
1075 1182 5
1075 1216 7
1075 1241 5
1076 1101 3
1076 1130 7
1076 1173 2
1076 1175 4
1076 1197 5
1076 1201 2
1076 1233 4
1076 1237 7
1077 1097 4
1077 1103 6
1077 1104 6
1077 1159 4
1077 1173 5
1077 1178 4
1077 1201 5
1077 1206 7
1078 1085 5
1078 1093 3
1078 1110 5
1078 1117 4
1078 1179 3
1078 1187 4
1078 1236 4
1079 1080 1
1079 1091 1
1079 1111 4
1079 1114 4
1079 1134 4
1079 1192 4
1079 1218 4
1080 1106 5
1080 1169 5
1080 1170 6
1080 1216 5
1080 1241 5
1081 1105 4
1081 1181 4
1081 1189 5
1081 1190 4
1081 1212 5
1082 1095 5
1082 1146 6
1082 1162 6
1083 1128 4
1083 1137 4
1083 1141 4
1083 1152 4
1083 1222 5
1083 1226 6
1083 1232 3
1084 1132 5
1084 1157 4
1085 1109 3
1085 1110 6
1085 1117 6
1085 1161 5
1085 1187 6
1086 1125 2
1086 1144 2
1086 1184 4
1086 1208 4
1086 1211 3
1086 1219 3
1087 1108 5
1087 1149 5
1087 1154 5
1087 1160 6
1087 1195 6
1087 1205 6
1087 1231 6
1087 1239 6
1088 1107 4
1088 1143 3
1088 1145 4
1088 1167 7
1088 1176 6
1088 1185 5
1088 1196 4
1088 1202 5
1089 1112 2
1089 1125 5
1089 1172 2
1089 1200 4
1089 1209 5
1089 1219 4
1090 1101 4
1090 1178 5
1090 1228 3
1090 1229 5
1091 1152 4
1091 1222 5
1092 1119 6
1092 1122 5
1092 1131 5
1092 1153 6
1092 1223 5
1093 1142 5
1093 1174 5
1093 1179 6
1093 1199 3
1093 1236 5
1094 1123 5
1094 1158 6
1094 1163 2
1094 1211 5
1094 1219 1
1094 1220 4
1094 1221 5
1094 1225 5
1095 1129 3
1095 1146 6
1095 1156 3
1095 1162 6
1095 1166 5
1095 1181 4
1095 1212 3
1096 1121 2
1096 1122 3
1096 1198 4
1096 1235 3
1097 1104 3
1097 1120 3
1097 1159 5
1097 1185 0
1097 1206 4
1098 1100 5
1098 1113 5
1098 1150 4
1098 1155 7
1098 1186 6
1098 1194 5
1098 1227 6
1099 1106 3
1099 1169 3
1099 1180 5
1099 1183 5
1099 1190 4
1099 1230 4
1099 1241 4
1100 1113 6
1100 1140 4
1100 1150 5
1100 1155 5
1100 1186 4
1100 1235 4
1101 1173 3
1101 1178 3
1101 1201 3
1101 1228 3
1101 1237 3
1102 1147 4
1102 1164 4
1103 1104 5
1103 1173 6
1103 1178 4
1103 1201 6
1103 1206 6
1104 1178 5
1104 1206 6
1104 1229 5
1105 1180 5
1105 1183 5
1105 1189 6
1105 1190 6
1105 1230 5
1106 1169 6
1106 1170 6
1106 1216 5
1106 1241 6
1107 1112 3
1107 1145 6
1107 1167 4
1107 1172 3
1107 1176 4
1107 1185 4
1107 1238 4
1108 1149 7
1108 1154 4
1108 1204 3
1108 1205 6
1108 1215 6
1108 1231 6
1108 1239 6
1109 1117 3
1109 1182 2
1109 1216 2
1110 1117 6
1110 1161 6
1110 1187 6
1110 1199 4
1110 1236 2
1111 1114 7
1111 1129 4
1111 1134 7
1111 1156 4
1111 1192 7
1111 1217 6
1111 1218 7
1112 1138 6
1112 1145 3
1112 1168 6
1112 1172 7
1112 1200 4
1112 1238 6
1113 1126 3
1113 1150 5
1113 1155 5
1113 1186 5
1113 1235 5
1114 1129 4
1114 1134 7
1114 1156 4
1114 1192 7
1114 1217 6
1114 1218 7
1115 1132 4
1115 1157 1
1115 1175 3
1115 1240 3
1116 1118 4
1116 1136 5
1116 1144 4
1116 1151 6
1116 1171 6
1117 1161 6
1117 1187 7
1118 1138 2
1118 1151 3
1118 1171 4
1118 1200 2
1119 1122 5
1119 1131 4
1119 1153 6
1119 1198 3
1119 1223 4
1120 1143 4
1120 1159 4
1120 1191 5
1120 1196 5
1120 1202 4
1121 1126 4
1121 1154 1
1121 1165 3
1121 1235 3
1122 1150 1
1122 1153 6
1122 1198 5
1122 1223 4
1123 1124 6
1123 1158 5
1123 1211 6
1123 1220 3
1123 1221 7
1123 1225 7
1124 1144 4
1124 1221 6
1124 1225 6
1125 1184 3
1125 1193 1
1125 1200 2
1125 1209 5
1125 1219 6
1126 1165 4
1126 1186 4
1126 1194 5
1126 1227 4
1126 1235 3
1127 1139 4
1127 1163 5
1127 1184 3
1127 1203 4
1127 1208 4
1127 1220 5
1128 1137 5
1128 1142 4
1128 1174 4
1128 1222 5
1128 1226 3
1128 1232 5
1129 1156 7
1129 1162 4
1129 1166 5
1129 1192 4
1129 1217 5
1130 1175 4
1130 1197 5
1130 1233 4
1130 1237 7
1131 1140 1
1131 1153 5
1131 1223 7
1131 1421 4
1132 1143 2
1132 1157 3
1132 1193 2
1133 1137 5
1133 1141 4
1133 1142 4
1133 1174 4
1133 1207 4
1133 1232 4
1133 1236 3
1134 1192 7
1134 1217 6
1134 1218 7
1135 1140 6
1136 1144 6
1136 1151 6
1136 1171 5
1137 1141 4
1137 1142 4
1137 1174 4
1137 1232 6
1138 1168 6
1138 1172 6
1138 1238 6
1139 1157 4
1139 1158 3
1139 1163 6
1139 1203 7
1139 1220 5
1140 1223 1
1141 1207 5
1141 1226 3
1142 1174 7
1142 1179 6
1142 1232 5
1142 1236 5
1143 1167 3
1143 1191 5
1143 1196 5
1143 1202 5
1144 1151 5
1144 1211 3
1144 1221 3
1144 1225 3
1145 1167 4
1145 1168 4
1145 1176 4
1145 1185 4
1145 1238 4
1146 1162 7
1146 1166 6
1146 1181 3
1147 1164 7
1147 1213 6
1148 1197 3
1148 1228 3
1148 1234 2
1149 1154 4
1149 1204 3
1149 1205 6
1149 1215 6
1149 1231 6
1149 1239 6
1150 1155 4
1150 1198 2
1150 1235 4
1151 1171 6
1152 1188 6
1152 1213 3
1152 1222 5
1152 1226 4
1153 1198 4
1153 1223 5
1154 1165 2
1154 1195 4
1154 1231 5
1154 1239 5
1155 1186 6
1155 1194 5
1155 1227 6
1156 1162 4
1156 1166 5
1156 1192 4
1156 1217 5
1157 1193 4
1157 1203 4
1158 1163 3
1158 1211 5
1158 1220 5
1158 1221 5
1158 1225 5
1159 1173 3
1159 1191 2
1159 1196 2
1159 1201 3
1159 1206 4
1160 1177 6
1160 1195 6
1161 1187 6
1161 1199 3
1161 1214 1
1162 1166 6
1162 1181 3
1163 1184 3
1163 1193 3
1163 1203 6
1163 1220 5
1164 1213 6
1165 1194 3
1166 1181 3
1166 1217 3
1167 1176 6
1167 1185 5
1167 1196 4
1167 1202 5
1168 1172 6
1168 1200 3
1168 1238 7
1169 1170 6
1169 1216 5
1169 1241 6
1170 1216 5
1170 1241 6
1172 1200 4
1172 1238 6
1173 1178 4
1173 1201 7
1173 1206 5
1174 1179 6
1174 1232 5
1174 1236 5
1175 1191 1
1175 1197 5
1175 1233 6
1175 1237 4
1175 1240 6
1176 1185 5
1176 1196 4
1176 1202 5
1177 1195 6
1178 1201 4
1178 1229 6
1179 1232 4
1179 1236 6
1180 1183 7
1180 1189 5
1180 1190 6
1180 1230 6
1180 1241 2
1181 1212 6
1182 1216 5
1182 1230 2
1183 1189 5
1183 1190 6
1183 1230 6
1184 1193 3
1184 1208 5
1184 1219 3
1186 1194 6
1186 1227 7
1188 1213 3
1189 1190 6
1189 1212 3
1189 1230 5
1190 1230 6
1191 1196 5
1191 1202 4
1191 1233 2
1192 1217 6
1192 1218 7
1193 1203 3
1194 1227 6
1195 1205 5
1195 1231 5
1195 1239 5
1196 1202 6
1197 1233 5
1197 1237 5
1197 1240 5
1199 1207 3
1200 1219 2
1200 1238 3
1201 1206 5
1203 1220 5
1204 1215 2
1205 1215 6
1205 1231 7
1205 1239 7
1210 1214 4
1210 1224 6
1211 1220 3
1211 1221 6
1211 1225 6
1213 1226 4
1214 1224 5
1215 1231 6
1215 1239 6
1216 1241 5
1217 1218 6
1221 1225 7
1222 1226 4
1223 1421 4
1228 1234 2
1231 1239 7
1233 1237 4
1233 1240 5
1242 1246 5
1242 1276 4
1242 1283 5
1243 1244 3
1243 1269 2
1243 1273 5
1243 1276 2
1243 1284 6
1244 1254 2
1244 1270 4
1244 1272 4
1244 1273 5
1244 1274 5
1244 1280 4
1244 1284 2
1245 1254 5
1245 1270 4
1245 1274 2
1245 1290 3
1246 1283 5
1247 1250 5
1247 1266 5
1247 1281 4
1247 1288 5
1248 1285 7
1248 1498 5
1248 1535 4
1249 1264 2
1250 1257 4
1250 1259 2
1250 1281 6
1250 1288 6
1251 1252 5
1251 1257 5
1251 1287 2
1252 1257 4
1252 1266 5
1252 1288 3
1252 1289 0
1253 1263 2
1253 1272 4
1253 1280 4
1254 1259 3
1254 1270 5
1254 1274 3
1254 1281 1
1254 1290 4
1254 1893 2
1255 1261 3
1255 1271 5
1257 1266 3
1257 1281 3
1257 1288 5
1258 1279 5
1258 1282 4
1259 1281 3
1259 1290 5
1260 1282 4
1262 1277 3
1262 1287 6
1262 1289 7
1263 1382 2
1263 1435 1
1263 1886 1
1263 1899 2
1264 1267 4
1265 1754 4
1265 1759 5
1265 1789 5
1265 1868 2
1266 1288 5
1267 1279 3
1267 1282 6
1268 1513 5
1269 1276 5
1269 1283 5
1269 1284 3
1269 1290 1
1269 1754 0
1269 1786 2
1269 1847 1
1270 1272 3
1270 1274 5
1270 1280 3
1270 1290 2
1270 1893 2
1272 1273 3
1272 1274 5
1272 1280 7
1273 1274 3
1273 1280 3
1273 1284 4
1274 1280 5
1275 1291 6
1276 1283 6
1276 1284 3
1276 1290 2
1276 1786 1
1277 1287 3
1277 1289 3
1278 1477 2
1279 1282 4
1281 1288 5
1283 1284 3
1285 1498 5
1285 1535 4
1287 1289 6
1292 1297 5
1292 1300 5
1292 1312 5
1292 1321 5
1292 1322 6
1292 1324 4
1292 1332 2
1293 1301 3
1293 1305 5
1293 1309 6
1293 1311 4
1293 1315 6
1293 1316 5
1293 1319 6
1293 1332 4
1294 1299 4
1294 1307 6
1294 1317 4
1294 1318 4
1294 1329 5
1294 1330 5
1294 1331 5
1294 1333 5
1295 1299 5
1295 1307 6
1295 1329 6
1295 1330 7
1295 1333 6
1296 1302 5
1296 1623 4
1297 1300 7
1297 1303 6
1297 1312 7
1297 1321 7
1297 1322 5
1297 1323 6
1298 1325 1
1298 1328 6
1298 1334 3
1299 1307 5
1299 1324 1
1299 1330 5
1300 1303 6
1300 1312 7
1300 1321 7
1300 1322 5
1300 1323 6
1300 1324 2
1301 1304 3
1301 1308 5
1301 1309 3
1301 1314 4
1301 1316 4
1301 1319 4
1302 1623 6
1303 1312 6
1303 1321 6
1303 1323 6
1304 1308 3
1304 1313 4
1304 1314 4
1305 1309 5
1305 1311 3
1305 1315 5
1305 1316 4
1305 1320 5
1305 1332 3
1305 1335 1
1306 1325 5
1306 1326 6
1306 1334 2
1306 1593 5
1306 1628 4
1306 1630 4
1307 1329 6
1307 1330 6
1307 1331 5
1307 1333 6
1308 1314 5
1308 1319 2
1309 1315 5
1309 1316 6
1309 1319 5
1309 1320 4
1310 1317 7
1310 1318 7
1310 1327 6
1310 1331 5
1310 1335 5
1311 1315 5
1311 1319 3
1311 1324 3
1311 1332 6
1312 1321 7
1312 1322 5
1312 1323 6
1313 1334 1
1315 1316 4
1315 1319 5
1315 1324 3
1315 1332 5
1316 1319 5
1316 1320 4
1317 1318 7
1317 1327 6
1317 1335 5
1318 1327 6
1318 1329 4
1318 1331 5
1318 1333 4
1318 1335 5
1319 1332 3
1320 1335 3
1321 1322 5
1321 1323 6
1322 1324 3
1324 1332 4
1325 1326 5
1325 1588 3
1325 1593 4
1326 1334 2
1327 1329 5
1327 1331 6
1327 1333 5
1329 1330 6
1329 1331 6
1329 1333 7
1330 1331 5
1330 1333 6
1331 1333 6
1334 1606 1
1336 1342 4
1336 1344 4
1336 1353 2
1336 1357 4
1336 1659 3
1336 1687 3
1337 1348 4
1337 1362 5
1337 1677 4
1337 2014 4
1338 1346 2
1338 1350 6
1338 1663 3
1338 1678 4
1338 1696 4
1338 1698 3
1341 1650 5
1341 1651 3
1341 2011 5
1342 1344 4
1342 1357 5
1342 1662 1
1342 2025 2
1343 1370 4
1343 1667 3
1343 1690 6
1344 1357 4
1344 1662 2
1344 1668 2
1345 1376 3
1346 1673 4
1346 1696 2
1347 1652 2
1347 1656 4
1347 1661 5
1348 1362 6
1348 1379 1
1348 1667 1
1348 1677 4
1349 1355 2
1349 1365 5
1349 1373 5
1349 2007 2
1350 1663 4
1350 1678 5
1350 1696 3
1350 1698 4
1351 1657 6
1352 1372 2
1352 1376 3
1352 1672 4
1352 2001 3
1353 1687 3
1354 1358 4
1354 1363 7
1354 1369 6
1354 1658 4
1354 1680 4
1354 1691 4
1355 1372 3
1355 1645 4
1355 1692 4
1355 1693 5
1355 2007 5
1356 1361 4
1356 1679 2
1358 1363 4
1358 1364 1
1358 1369 5
1358 1675 1
1358 1691 3
1359 1371 4
1359 1377 6
1359 1990 4
1359 2005 4
1360 1366 3
1360 1652 3
1360 1694 4
1361 1679 4
1361 2022 4
1362 1677 4
1363 1369 6
1363 1680 4
1364 1374 3
1364 1675 3
1364 2000 1
1365 1373 5
1366 1652 4
1366 1656 2
1366 1673 0
1366 1996 3
1367 1700 2
1368 1653 2
1368 1664 5
1369 1680 4
1370 1690 5
1371 1377 4
1371 1681 2
1371 1684 2
1372 1692 5
1372 1693 4
1373 1645 3
1374 1675 4
1375 1679 2
1376 1672 5
1378 1663 3
1378 1698 4
1379 1650 4
1379 1651 4
1379 2026 4
1380 1385 5
1380 1386 5
1380 1405 5
1380 1461 4
1381 1750 1
1381 2082 2
1382 1435 2
1383 1391 4
1383 1394 3
1383 1565 4
1384 1495 7
1384 1501 3
1384 1526 3
1384 1573 6
1384 1803 4
1385 1386 4
1385 1405 3
1385 1461 4
1385 1484 4
1386 1405 4
1386 1406 4
1386 1500 4
1387 1397 4
1387 1532 2
1388 1397 5
1389 1392 6
1389 1398 5
1389 1443 5
1389 1454 6
1389 1516 6
1390 1394 3
1390 1396 7
1391 1565 6
1392 1398 6
1392 1404 2
1392 1454 6
1392 1516 5
1393 1750 3
1393 2081 6
1393 2082 6
1394 1396 3
1394 1574 2
1395 1400 4
1395 1401 4
1395 1403 4
1395 1825 2
1398 1404 2
1398 1454 5
1398 1573 3
1399 1404 2
1400 1401 6
1400 1403 3
1401 1403 2
1402 1407 4
1402 1492 3
1402 1511 1
1402 1522 1
1403 1898 2
1404 1506 2
1406 1488 6
1406 1500 4
1406 1569 3
1407 1460 3
1407 1463 3
1407 1492 6
1410 1428 4
1410 1429 2
1410 1438 5
1410 1732 5
1410 1739 5
1411 1413 6
1411 1420 3
1411 1426 4
1411 1436 6
1412 1420 4
1412 1422 5
1412 1423 2
1412 1424 3
1413 1417 3
1413 1426 5
1413 1430 3
1413 1433 2
1413 1436 5
1414 1419 1
1414 1429 6
1414 1434 6
1414 1438 2
1414 1439 4
1416 1423 4
1416 1428 2
1416 1437 2
1417 1426 5
1417 1433 2
1418 1465 3
1418 1794 6
1418 1820 4
1418 1828 2
1418 1831 3
1418 1875 3
1418 1876 6
1419 1429 1
1419 1758 3
1420 1422 3
1420 1436 3
1421 1437 2
1422 1424 4
1423 1424 4
1427 1875 5
1427 2097 4
1428 1438 2
1428 1744 3
1429 1434 5
1429 1438 3
1429 1439 3
1434 1439 4
1438 1732 3
1438 1739 3
1439 1716 2
1439 1722 2
1439 1729 2
1440 1458 4
1440 1477 4
1440 1521 2
1440 1571 4
1441 1466 5
1441 1513 5
1441 1557 3
1442 1473 5
1442 1501 4
1442 1526 5
1442 1529 5
1442 1579 4
1443 1454 4
1443 1516 5
1443 1542 5
1444 1468 4
1444 1481 4
1444 1525 5
1444 1553 5
1444 1561 6
1445 1472 6
1445 1505 6
1445 1523 6
1446 1457 1
1446 1459 4
1446 1494 5
1446 1538 4
1446 1570 5
1446 1582 5
1447 1461 5
1447 1484 5
1447 1506 2
1448 1533 2
1448 1539 4
1448 1584 6
1449 1474 3
1449 1527 4
1449 1537 3
1449 1546 5
1449 1547 3
1449 1554 2
1450 1487 6
1450 1496 7
1450 1562 7
1450 1568 4
1451 1452 4
1451 1511 4
1451 1522 3
1451 1550 5
1451 1564 4
1452 1522 6
1452 1543 4
1452 1550 2
1452 1585 2
1453 1483 4
1453 1518 6
1453 2080 2
1454 1516 5
1455 1499 4
1455 1507 3
1455 2089 4
1456 1466 6
1456 1478 4
1456 1483 3
1456 1498 4
1456 1535 5
1456 1557 2
1457 1476 4
1457 1487 4
1457 1496 5
1457 1568 3
1457 1572 5
1458 1480 4
1458 1571 6
1458 2084 3
1459 1494 3
1459 1502 2
1459 1548 4
1459 1553 3
1459 1563 4
1459 1570 5
1459 1582 6
1460 1463 6
1460 1465 3
1460 1475 4
1460 1585 3
1461 1484 7
1462 1566 4
1463 1465 4
1463 1475 3
1463 1831 0
1464 1490 6
1464 1533 5
1464 1539 4
1464 1581 3
1464 1584 4
1465 1794 3
1465 1876 3
1466 1498 4
1466 1535 5
1466 1557 3
1467 1482 4
1467 1494 3
1467 1520 4
1467 1524 4
1467 1544 5
1468 1471 5
1468 1481 6
1468 1525 6
1468 1548 3
1468 1561 4
1469 1510 4
1469 1578 5
1469 1580 3
1470 1581 3
1471 1481 6
1471 1525 4
1471 1546 2
1472 1505 5
1472 1523 6
1473 1509 5
1473 1519 3
1473 1526 3
1473 1529 6
1473 1559 5
1473 1579 6
1474 1502 4
1474 1514 5
1474 1527 6
1474 1547 6
1475 1499 2
1475 1565 2
1475 1585 4
1476 1487 4
1476 1497 4
1476 1538 3
1476 1549 6
1476 1567 2
1476 1572 6
1477 1531 2
1477 2083 2
1478 1483 4
1478 1518 3
1478 1535 3
1479 1485 4
1479 1560 3
1479 1567 2
1479 1580 2
1480 1571 3
1481 1525 5
1481 1561 4
1482 1520 6
1482 1524 3
1482 1544 6
1482 1552 4
1482 1574 3
1483 1518 5
1485 1488 3
1485 1560 3
1485 1783 3
1486 1503 6
1486 1509 4
1486 1519 6
1486 1559 4
1487 1496 6
1487 1497 3
1487 1549 3
1487 1562 6
1487 1572 4
1488 1500 4
1489 1506 2
1490 1533 5
1490 1539 4
1490 1581 3
1491 1533 4
1491 1541 6
1493 1504 6
1493 1556 4
1494 1524 3
1494 1538 4
1494 1544 2
1494 1570 4
1494 1582 4
1495 1501 3
1495 1526 3
1495 1573 6
1495 1803 4
1496 1562 7
1496 1568 4
1497 1508 2
1497 1549 5
1497 1560 3
1497 1567 5
1497 1572 3
1497 1850 2
1498 1535 6
1499 1565 4
1501 1526 6
1502 1527 3
1502 1547 4
1502 1548 2
1502 1563 3
1503 1509 5
1503 1519 6
1503 1559 5
1503 1579 3
1504 1556 4
1505 1523 6
1505 1528 3
1507 1565 1
1507 1583 1
1508 1510 3
1508 1520 2
1508 1545 1
1508 1549 2
1508 1567 3
1508 1580 3
1509 1519 5
1509 1529 4
1509 1559 6
1509 1579 5
1510 1545 5
1510 1580 5
1511 1536 5
1511 1550 6
1511 1564 6
1512 1556 3
1512 1577 5
1514 1527 6
1514 1546 4
1515 1551 3
1515 1552 4
1515 1574 3
1515 1575 4
1517 1578 6
1517 1583 5
1519 1559 5
1520 1524 3
1520 1544 5
1521 1530 3
1522 1543 3
1522 1550 2
1522 1585 2
1524 1538 3
1524 1544 4
1524 1549 2
1524 1572 2
1525 1548 3
1525 1553 5
1525 1561 5
1525 1563 2
1526 1529 3
1526 1573 2
1527 1546 3
1527 1547 5
1528 1537 4
1528 1554 5
1529 1559 4
1529 1579 6
1531 1571 2
1532 1829 1
1533 1539 5
1533 1541 5
1533 1581 2
1533 1584 3
1534 1551 3
1534 1555 4
1534 1558 3
1536 1550 5
1536 1564 6
1537 1546 3
1537 1554 6
1538 1549 3
1538 1570 3
1538 1572 4
1538 1582 3
1539 1541 4
1539 1584 5
1540 1577 5
1540 1832 2
1540 1901 1
1543 1551 3
1543 1555 3
1543 1575 3
1544 1552 4
1545 1574 1
1548 1561 4
1548 1563 6
1548 1570 4
1548 1582 4
1549 1567 3
1549 1572 5
1550 1564 6
1551 1552 2
1551 1555 5
1551 1575 6
1552 1574 3
1552 1575 3
1553 1561 6
1555 1558 3
1555 1575 4
1559 1579 5
1560 1567 4
1560 1569 1
1560 1850 2
1561 1570 2
1562 1568 4
1563 1570 4
1563 1582 4
1567 1580 2
1567 1850 2
1570 1582 6
1571 2084 4
1571 2086 1
1573 1803 4
1576 1586 3
1578 1583 4
1587 1609 5
1587 1610 6
1587 1622 4
1587 1638 5
1588 1593 6
1588 1628 5
1588 1630 3
1589 1627 4
1589 1631 6
1589 1636 3
1589 1642 5
1590 1595 6
1590 1598 5
1590 1599 5
1590 1621 5
1590 1634 6
1591 1641 5
1592 1613 5
1592 1614 6
1593 1628 6
1593 1630 4
1594 1605 3
1594 1611 3
1594 1639 3
1594 1640 4
1595 1598 6
1595 1599 6
1595 1607 3
1595 1621 4
1595 1634 7
1596 1601 5
1596 1612 4
1596 1625 5
1596 1643 2
1597 1619 4
1598 1599 5
1598 1607 3
1598 1621 4
1598 1634 6
1599 1607 3
1599 1634 6
1600 1631 5
1600 1642 6
1600 1936 4
1601 1625 5
1602 1603 5
1602 1607 3
1602 1616 2
1602 1632 7
1603 1616 4
1603 1618 3
1603 1632 5
1604 1617 4
1605 1613 4
1605 1614 4
1605 1640 5
1607 1632 3
1607 1634 3
1608 1610 2
1608 1612 4
1608 1620 3
1608 1626 4
1609 1610 5
1609 1622 5
1609 1638 4
1610 1620 4
1610 1622 3
1610 1638 6
1611 1637 4
1611 1639 6
1612 1625 5
1612 1637 1
1613 1614 6
1615 1626 4
1615 1635 4
1615 1636 1
1616 1618 6
1616 1641 5
1616 1644 4
1618 1641 6
1618 1644 5
1620 1626 4
1620 1635 4
1620 1638 5
1621 1634 4
1624 1628 2
1624 1630 4
1626 1635 7
1627 1631 3
1627 1642 3
1628 1630 5
1631 1642 6
1637 1639 4
1637 1643 3
1641 1644 5
1645 1693 3
1646 1665 4
1646 1675 4
1646 1686 4
1646 1688 5
1646 2000 5
1647 1648 3
1647 1681 6
1647 1682 5
1647 1684 4
1647 1685 4
1647 2028 3
1648 1661 4
1648 1682 5
1648 1697 4
1649 1676 4
1650 1651 5
1650 2026 3
1651 2026 3
1652 1656 3
1653 1658 3
1653 1680 1
1654 1664 4
1654 1670 5
1654 2015 5
1656 1684 2
1656 1685 2
1656 1996 4
1656 2021 4
1657 1695 4
1658 1680 2
1658 1691 4
1659 1687 4
1659 1985 3
1660 1662 4
1660 1668 3
1660 1678 2
1660 1698 2
1661 1682 5
1661 1684 2
1661 1685 4
1662 1668 6
1663 1678 4
1663 1698 6
1664 1670 5
1664 1694 1
1665 1674 3
1665 1675 3
1665 1686 5
1665 2000 5
1666 1695 4
1668 2019 0
1669 2029 4
1670 2015 3
1673 1694 2
1674 1686 3
1675 2000 5
1677 2026 2
1678 1698 5
1679 1997 4
1679 2003 6
1679 2022 5
1680 1696 0
1680 2002 1
1680 2020 1
1681 1682 4
1681 1684 5
1681 1685 4
1681 2028 3
1682 1684 4
1682 1685 6
1684 1685 5
1684 2016 1
1689 1699 5
1689 1987 4
1689 1995 6
1691 2020 2
1692 1693 6
1699 1987 5
1699 1995 5
1700 1992 3
1700 2030 3
1701 1702 5
1701 1719 4
1701 1723 7
1701 1726 7
1702 1709 6
1702 1719 4
1702 1723 5
1702 1726 5
1702 1727 6
1703 1710 4
1703 2034 4
1703 2042 4
1703 2056 3
1704 1706 3
1704 1708 4
1704 1712 4
1704 1720 2
1704 1728 5
1705 1707 6
1705 1711 6
1705 1713 6
1705 1715 7
1705 1717 6
1705 1721 7
1705 1730 6
1706 1712 6
1706 1728 4
1707 1711 7
1707 1713 7
1707 1715 6
1707 1717 7
1707 1721 6
1707 1730 7
1707 1772 4
1708 1720 5
1708 2041 4
1708 2063 3
1709 1727 7
1710 2034 3
1710 2042 4
1711 1713 7
1711 1715 6
1711 1717 7
1711 1721 6
1711 1730 7
1711 1772 4
1712 1728 5
1713 1715 6
1713 1717 7
1713 1721 6
1713 1730 7
1713 1772 4
1715 1717 6
1715 1721 7
1715 1730 6
1716 1722 7
1716 1729 7
1717 1721 6
1717 1730 7
1717 1772 4
1718 1724 5
1718 1725 6
1718 2057 4
1719 1727 3
1720 2041 4
1720 2063 5
1721 1730 6
1722 1729 7
1723 1726 7
1724 1725 6
1724 2038 1
1724 2057 4
1725 2057 4
1730 1772 4
1731 1745 5
1731 1747 6
1731 1748 5
1731 1751 7
1732 1739 7
1734 1752 0
1735 1736 7
1735 1737 7
1735 1742 7
1735 1746 7
1735 1753 6
1735 1760 6
1736 1737 7
1736 1742 7
1736 1746 7
1736 1753 6
1736 1760 6
1737 1742 7
1737 1746 7
1737 1753 6
1737 1760 6
1738 1743 7
1739 1744 2
1740 1757 4
1740 1761 6
1741 1762 2
1742 1746 7
1742 1753 6
1742 1760 6
1745 1747 4
1745 1748 6
1745 1751 5
1746 1753 6
1746 1760 6
1747 1748 5
1747 1751 6
1748 1751 5
1749 1756 1
1749 1758 6
1752 1774 2
1753 1760 7
1754 1759 5
1757 1761 3
1763 1764 5
1763 1766 7
1764 1766 5
1765 1767 4
1765 1773 3
1767 1773 5
1769 1774 3
1775 1790 4
1775 1795 4
1775 1798 4
1775 1800 4
1775 1830 5
1775 1880 2
1775 1889 2
1776 1815 6
1776 1822 6
1776 1841 6
1776 1852 6
1776 1861 6
1776 1887 5
1777 1788 5
1777 1797 4
1777 1805 5
1777 1820 1
1777 1848 5
1777 1873 1
1777 1881 6
1777 1882 4
1778 1782 3
1778 1810 5
1778 1840 5
1778 1858 4
1778 1867 4
1778 1896 5
1779 1801 3
1779 1809 5
1779 1816 5
1779 1819 6
1779 1874 6
1779 1892 6
1779 1900 6
1780 1818 4
1780 1891 2
1781 1837 5
1781 1846 5
1781 1856 5
1781 1864 5
1781 1871 6
1781 1886 3
1782 1796 5
1782 1808 6
1782 1810 5
1782 1840 5
1782 1877 5
1782 1879 4
1782 1885 4
1783 1784 1
1783 1855 3
1783 1888 4
1784 1793 2
1784 1825 6
1785 1865 2
1785 1879 4
1786 1806 5
1786 1811 5
1786 1826 5
1786 1844 5
1786 1847 6
1786 1860 5
1787 1812 4
1787 1829 4
1787 1842 7
1787 1866 6
1787 1869 6
1787 1890 5
1787 1897 3
1788 1797 6
1788 1805 5
1788 1848 7
1788 1881 5
1788 1882 6
1789 1823 2
1789 1868 3
1789 1884 5
1790 1792 6
1790 1795 7
1790 1798 7
1790 1800 7
1790 1838 6
1790 1895 6
1790 1903 6
1791 1828 2
1791 1881 0
1791 2089 4
1792 1795 6
1792 1797 2
1792 1798 6
1792 1800 6
1792 1838 7
1792 1895 6
1792 1903 6
1793 1814 4
1793 1825 2
1793 1834 3
1793 1857 3
1793 1878 3
1794 1820 3
1794 1828 3
1794 1875 3
1794 1876 5
1795 1798 7
1795 1800 7
1795 1838 6
1795 1895 6
1795 1903 6
1796 1808 6
1796 1810 5
1796 1840 5
1796 1854 3
1796 1877 7
1796 1879 4
1796 1904 3
1797 1805 4
1797 1838 2
1797 1848 6
1797 1882 6
1798 1800 7
1798 1838 6
1798 1895 6
1798 1903 6
1799 1823 4
1799 1836 4
1799 1845 4
1799 1883 7
1799 1891 4
1800 1838 6
1800 1895 6
1800 1903 6
1801 1827 5
1801 1892 4
1801 1899 3
1802 1821 4
1802 1843 4
1802 1853 2
1802 1866 2
1802 1890 2
1802 1902 4
1803 2098 2
1804 1832 3
1804 1858 7
1805 1848 5
1805 1881 5
1805 1882 4
1806 1811 6
1806 1818 5
1806 1826 7
1806 1844 7
1806 1847 5
1806 1860 7
1806 1893 4
1807 1824 4
1807 1831 4
1807 1851 3
1807 1862 6
1807 1873 5
1807 1880 1
1808 1810 5
1808 1840 5
1808 1877 6
1808 1879 4
1808 1885 4
1809 1816 7
1809 1819 6
1809 1833 6
1809 1872 7
1809 1874 6
1809 1900 6
1810 1840 7
1810 1877 5
1810 1896 3
1811 1826 6
1811 1844 6
1811 1847 6
1811 1860 6
1811 1868 1
1812 1842 4
1812 1863 3
1812 1866 3
1812 1897 4
1813 1817 3
1813 1834 5
1813 1857 4
1813 1878 4
1814 1834 3
1814 1857 3
1814 1878 4
1815 1821 6
1815 1822 5
1815 1841 6
1815 1843 6
1815 1861 7
1815 1887 6
1815 1902 4
1816 1819 6
1816 1833 6
1816 1872 7
1816 1874 6
1816 1894 3
1816 1900 6
1817 1834 3
1817 1850 5
1817 1855 3
1817 1857 4
1817 1888 2
1818 1826 5
1818 1844 5
1818 1860 5
1818 1891 2
1818 1893 4
1819 1833 5
1819 1872 6
1819 1874 7
1819 1892 5
1819 1900 7
1820 1824 5
1820 1831 5
1820 1862 4
1820 1873 5
1820 1876 5
1821 1841 5
1821 1843 7
1821 1861 6
1821 1887 6
1821 1902 5
1822 1841 6
1822 1843 4
1822 1852 7
1822 1861 5
1822 1863 4
1822 1902 5
1823 1836 7
1823 1845 7
1823 1868 3
1823 1883 4
1823 1884 4
1823 1891 4
1824 1831 6
1824 1862 5
1824 1873 5
1824 1876 4
1826 1844 7
1826 1847 5
1826 1860 7
1826 1893 4
1827 1886 3
1827 1892 2
1827 1899 5
1828 2096 5
1829 1842 4
1829 1866 4
1829 1869 4
1829 1890 4
1829 2099 2
1830 1851 2
1830 1880 4
1830 1889 4
1831 1862 5
1831 1873 5
1831 1876 4
1832 1839 3
1832 1858 3
1832 1870 4
1832 1901 5
1833 1846 1
1833 1872 6
1833 1874 5
1833 1894 4
1833 1900 5
1834 1857 6
1834 1878 6
1835 1854 4
1835 1859 5
1835 1867 7
1835 1896 5
1835 1904 6
1836 1845 7
1836 1883 4
1836 1884 4
1836 1891 4
1837 1846 5
1837 1856 5
1837 1864 7
1837 1871 6
1837 1894 5
1838 1895 6
1838 1903 6
1839 1870 6
1839 1885 5
1839 1901 5
1840 1877 5
1840 1896 3
1840 1904 3
1841 1843 5
1841 1852 6
1841 1861 6
1841 1902 5
1842 1866 6
1842 1869 6
1842 1890 5
1842 1897 3
1843 1861 6
1843 1887 6
1843 1902 5
1844 1847 5
1844 1860 7
1844 1893 4
1845 1868 3
1845 1883 4
1845 1884 4
1845 1891 4
1846 1856 4
1846 1871 6
1846 1886 5
1846 1894 3
1846 1899 2
1847 1860 5
1847 1868 1
1848 1881 5
1848 1882 6
1849 1854 6
1849 1859 6
1850 1855 4
1850 1857 3
1850 1878 1
1850 1888 3
1851 1862 2
1851 1873 3
1851 1880 3
1851 1889 2
1852 1863 4
1852 1902 5
1853 1866 3
1853 1869 3
1853 1890 4
1854 1859 6
1854 1867 4
1854 1877 3
1854 1904 5
1855 1857 2
1855 1888 6
1856 1864 5
1856 1871 5
1857 1878 5
1858 1870 4
1858 1896 3
1859 1867 5
1859 1896 3
1859 1904 6
1860 1893 4
1861 1887 6
1862 1873 6
1863 1897 1
1863 1902 5
1864 1871 6
1864 1894 5
1865 1879 4
1865 1885 4
1866 1869 6
1866 1890 6
1867 1896 5
1867 1904 6
1868 1884 4
1869 1890 6
1870 1885 4
1870 1901 6
1871 1886 4
1871 1894 4
1872 1874 6
1872 1894 3
1872 1900 6
1873 1876 3
1874 1892 5
1874 1900 7
1875 1876 4
1875 2097 5
1877 1879 4
1877 1904 3
1879 1885 3
1880 1889 5
1883 1891 4
1886 1899 4
1892 1900 5
1895 1903 6
1896 1904 4
1905 1919 4
1905 1930 4
1905 1955 3
1905 1966 3
1905 1968 3
1905 1975 5
1906 1912 3
1906 1921 5
1906 1922 5
1906 1938 7
1906 1945 5
1906 1947 4
1906 1960 5
1906 1969 6
1907 1912 3
1907 1918 6
1907 1956 3
1907 1977 3
1908 1939 3
1908 1953 2
1908 1965 6
1908 1970 5
1908 1980 4
1909 1913 5
1909 1916 5
1909 1923 4
1909 1941 1
1909 1963 2
1909 1972 3
1909 1974 5
1910 1932 4
1910 1952 4
1910 1976 2
1911 1955 6
1911 1958 4
1911 1961 6
1911 1971 5
1911 1975 2
1912 1918 3
1912 1925 3
1912 1938 3
1912 1956 6
1913 1914 3
1913 1915 4
1913 1916 6
1913 1923 3
1913 1972 5
1913 1974 7
1914 1915 5
1914 1934 4
1914 1935 5
1914 1941 2
1914 1972 5
1914 1974 3
1914 1984 2
1915 1916 3
1915 1934 3
1915 1935 5
1915 1950 1
1915 1972 6
1915 1974 4
1916 1923 3
1916 1972 4
1916 1974 6
1917 1959 3
1917 1966 3
1917 1973 4
1918 1925 4
1918 1956 3
1918 1977 4
1919 1964 4
1919 1966 2
1919 1968 4
1919 1975 3
1919 1979 4
1920 1926 7
1920 1950 4
1921 1922 6
1921 1938 5
1921 1956 2
1921 1969 6
1922 1927 4
1922 1938 5
1922 1947 5
1922 1960 6
1922 1969 6
1922 1981 4
1923 1944 3
1923 1963 4
1923 1974 3
1924 1927 5
1924 1945 5
1924 1947 6
1924 1981 7
1925 1944 4
1925 1956 4
1925 1962 4
1925 1963 3
1925 1977 4
1926 1950 4
1927 1931 3
1927 1947 4
1927 1960 3
1927 1981 5
1927 1983 3
1928 1932 5
1928 1936 4
1928 1937 6
1928 1952 5
1929 1934 6
1929 1946 4
1929 1978 4
1930 1968 3
1930 1975 2
1931 1940 4
1931 1941 3
1931 1962 2
1931 1982 4
1931 1983 5
1932 1937 4
1932 1952 5
1933 1951 5
1933 1979 4
1934 1935 3
1934 1946 4
1934 1972 3
1934 1978 4
1934 1984 3
1935 1942 1
1935 1949 1
1935 1972 5
1936 1937 5
1936 1952 3
1937 1952 4
1938 1945 5
1938 1960 5
1938 1969 6
1939 1965 4
1939 1970 5
1939 1980 3
1940 1943 6
1940 1946 3
1940 1982 5
1940 1983 5
1940 1984 4
1941 1962 2
1941 1982 5
1941 1983 2
1941 1984 2
1942 1949 3
1942 1957 3
1942 1967 6
1943 1946 4
1943 1978 4
1943 1982 5
1943 1983 4
1943 1984 5
1944 1962 4
1944 1963 6
1944 1977 3
1945 1947 6
1945 1960 6
1945 1969 6
1945 1981 5
1946 1978 7
1946 1984 6
1947 1960 6
1947 1969 5
1947 1981 6
1948 1954 6
1948 1959 3
1949 1953 3
1950 1953 0
1951 1964 4
1951 1979 6
1952 1976 1
1954 1959 3
1954 1976 4
1955 1961 5
1955 1971 5
1955 1975 3
1956 1962 2
1957 1958 3
1958 1961 5
1959 1971 1
1959 1973 4
1959 1980 1
1960 1969 6
1960 1981 5
1961 1971 5
1962 1963 3
1963 1977 2
1964 1968 3
1964 1979 5
1965 1970 6
1965 1980 4
1966 1973 3
1966 1975 4
1969 1981 4
1970 1980 4
1971 1980 3
1972 1974 5
1973 1975 3
1978 1984 6
1981 1983 2
1982 1983 4
1982 1984 4
1985 2011 3
1985 2025 4
1986 1996 2
1987 1995 4
1987 2029 3
1988 1994 4
1988 2004 5
1988 2019 5
1989 1993 5
1989 2018 4
1990 1992 5
1990 2005 7
1990 2016 3
1990 2028 3
1990 2030 5
1991 2001 3
1991 2018 2
1991 2027 3
1992 2005 5
1992 2006 1
1992 2030 6
1993 2009 2
1993 2018 2
1994 2004 3
1995 1998 4
1996 2016 2
1996 2021 5
1997 2003 5
1997 2022 5
1998 2014 3
1999 2029 5
1999 2095 0
2001 2027 6
2002 2020 5
2002 2024 5
2003 2022 5
2004 2019 4
2004 2026 4
2005 2016 3
2005 2028 3
2005 2030 5
2007 2027 1
2012 2096 1
2015 2017 4
2016 2021 2
2016 2028 4
2017 2100 0
2020 2024 5
2031 2059 7
2031 2069 3
2032 2033 6
2032 2040 6
2032 2060 4
2033 2036 5
2033 2040 7
2033 2050 5
2033 2052 6
2033 2055 6
2033 2067 5
2034 2038 4
2034 2042 5
2034 2056 6
2035 2048 6
2035 2060 7
2036 2037 5
2036 2050 6
2036 2051 5
2036 2052 6
2036 2055 6
2036 2067 6
2036 2071 6
2037 2039 7
2037 2046 4
2037 2050 5
2037 2051 7
2037 2052 4
2037 2067 5
2037 2071 6
2038 2056 5
2038 2057 4
2039 2046 4
2039 2051 7
2039 2071 6
2040 2052 6
2040 2055 6
2041 2045 2
2041 2063 4
2042 2056 4
2043 2045 4
2043 2053 7
2043 2058 6
2043 2068 6
2043 2070 5
2044 2045 6
2044 2070 6
2045 2053 4
2045 2058 4
2045 2063 3
2045 2070 5
2046 2050 2
2046 2051 4
2046 2054 6
2046 2062 5
2046 2066 6
2046 2067 2
2047 2069 3
2047 2070 1
2048 2060 6
2049 2061 6
2049 2065 7
2049 2072 6
2050 2052 6
2050 2055 6
2050 2067 7
2050 2071 5
2051 2071 6
2052 2055 7
2052 2067 6
2052 2071 5
2053 2058 6
2053 2068 6
2053 2070 5
2054 2062 6
2054 2064 6
2054 2066 7
2055 2067 6
2055 2071 5
2056 2057 2
2058 2068 6
2058 2070 4
2059 2069 3
2061 2065 6
2061 2072 7
2062 2064 6
2062 2066 6
2064 2066 6
2065 2072 6
2067 2071 5
2068 2069 1
2068 2070 4
2069 2070 2
2074 2075 6
2074 2077 6
2075 2077 7
2079 2094 4
2081 2082 5
2082 2095 2
2083 2091 5
2084 2086 3
2098 2099 0
2098 2100 6
