1 5 8
1 9 8
1 33 10
1 45 8
1 180 8
1 182 9
1 184 8
1 202 9
2 16 7
3 25 3
3 145 4
3 292 6
4 8 6
5 7 8
5 182 11
5 184 10
5 202 7
6 139 12
6 144 12
6 146 12
6 147 12
6 153 12
6 155 11
6 157 11
6 159 12
6 161 11
6 179 12
6 239 12
6 285 12
7 9 8
7 11 11
7 27 12
7 110 9
7 180 11
7 182 10
7 184 11
7 202 12
9 11 10
9 13 9
9 31 7
9 33 11
9 45 12
9 180 10
9 182 7
9 202 9
10 139 11
10 155 12
10 157 12
10 161 12
10 179 11
11 13 6
11 27 12
11 33 9
11 45 9
11 110 11
11 180 13
11 182 8
11 184 9
11 202 12
13 21 9
13 31 10
13 33 9
13 45 10
13 47 9
13 55 7
13 180 6
15 59 10
15 61 4
15 176 10
17 39 8
17 59 9
17 288 6
17 320 10
17 332 8
17 333 7
21 25 10
21 31 10
21 33 5
21 47 13
21 55 11
21 104 10
23 118 9
23 259 6
23 270 2
23 319 8
23 345 10
25 47 10
25 49 9
25 55 10
25 104 10
25 293 7
26 110 10
27 110 10
27 180 12
27 184 10
27 202 13
29 71 8
29 73 10
29 75 11
29 79 9
29 190 9
31 45 8
31 47 10
31 106 8
33 45 11
33 47 5
33 180 9
33 182 7
33 202 8
37 49 8
37 102 11
37 108 11
37 128 9
37 242 9
37 244 10
37 303 11
39 59 6
39 118 8
39 260 6
39 288 8
39 319 5
39 332 9
39 345 6
41 43 10
41 63 10
41 73 9
41 75 8
41 77 9
41 83 12
41 126 9
41 218 12
41 220 6
41 224 12
41 230 8
41 262 7
41 279 6
43 63 8
43 73 7
43 83 10
43 218 10
43 222 3
43 224 10
43 230 6
43 262 8
43 263 7
43 279 7
45 180 9
45 182 6
45 202 8
47 55 11
47 104 10
48 92 7
48 141 4
48 181 4
49 55 9
49 102 9
49 108 9
49 120 8
49 242 10
49 244 9
49 293 7
53 69 12
53 188 8
53 327 11
55 102 7
55 104 12
61 63 4
61 71 8
61 75 5
61 77 5
61 91 9
61 170 8
63 71 7
63 73 11
63 75 11
63 77 12
63 83 9
63 91 7
63 126 11
63 218 11
63 224 9
63 230 10
67 200 7
68 76 6
69 312 10
69 317 11
69 327 11
69 338 10
71 73 8
71 75 9
71 77 8
71 91 8
73 75 11
73 77 10
73 83 9
73 126 9
73 218 10
73 224 9
73 262 5
75 77 12
75 83 8
75 91 7
75 126 10
75 218 9
75 224 8
75 230 8
77 83 8
77 91 7
77 126 11
77 218 10
77 224 8
77 230 9
78 80 1
82 229 4
83 126 8
83 218 11
83 220 7
83 224 13
83 230 7
83 262 8
83 263 7
83 279 7
84 134 3
84 222 6
84 237 7
85 240 7
85 257 8
85 275 6
85 276 9
85 292 7
87 238 3
87 240 9
87 276 5
88 127 8
88 149 3
89 138 11
89 212 7
89 248 10
89 261 8
89 274 8
89 275 6
89 277 8
89 278 7
89 291 9
89 296 6
90 267 4
91 126 8
91 170 5
91 230 7
91 268 1
92 119 3
92 141 3
95 124 10
95 138 11
95 212 10
95 248 10
95 261 10
95 278 8
95 296 8
95 324 11
95 344 10
97 98 10
97 112 11
97 114 8
97 134 10
97 136 7
97 226 8
97 264 9
97 265 9
97 266 10
97 280 9
97 281 9
97 282 12
97 308 10
98 112 11
98 114 11
98 134 8
98 136 10
98 266 7
98 281 12
98 282 11
98 283 7
98 297 7
98 308 13
98 309 10
100 118 8
100 152 10
100 234 9
100 238 7
100 240 9
100 257 8
100 259 10
100 260 7
100 276 8
100 319 10
100 345 6
102 108 9
102 120 10
102 128 8
102 242 8
102 244 8
102 303 9
102 313 6
103 169 12
103 249 13
105 113 10
107 109 7
108 242 10
108 244 11
110 180 11
110 202 10
112 114 10
112 134 10
112 136 9
112 226 6
112 264 7
112 266 8
112 267 5
112 280 7
112 281 11
112 282 12
112 308 11
112 309 9
114 134 7
114 136 12
114 267 7
114 281 11
114 282 9
114 283 9
114 297 9
114 298 6
114 308 11
114 309 12
116 124 7
116 132 9
116 144 5
116 153 5
116 159 6
116 179 5
116 212 7
116 239 5
116 261 6
116 278 7
116 307 6
117 140 8
117 145 9
118 152 7
118 259 7
118 319 10
119 141 8
120 242 8
124 132 8
124 212 11
124 278 11
124 344 8
126 194 3
126 218 10
126 224 8
126 230 9
127 149 3
128 130 9
128 142 8
128 244 6
128 271 8
128 303 10
128 304 10
128 313 10
128 321 9
130 142 10
130 148 10
130 150 8
130 232 8
130 271 10
130 303 7
130 304 9
130 313 11
130 321 13
130 330 9
130 334 8
130 335 10
131 245 9
132 144 2
132 159 3
132 212 8
132 261 9
132 278 10
132 287 10
133 135 8
134 222 8
134 226 7
134 264 8
134 266 9
134 267 4
134 280 8
134 281 9
134 282 9
136 267 7
136 281 10
136 282 8
136 283 10
136 297 10
136 298 7
136 308 10
136 309 13
138 248 11
138 261 10
138 278 9
138 291 11
139 144 11
139 146 11
139 147 13
139 153 11
139 155 12
139 157 12
139 159 11
139 161 12
139 179 12
139 239 11
139 285 11
141 195 9
142 150 10
142 232 10
142 271 11
142 304 10
142 321 10
142 322 10
142 330 11
142 334 10
142 335 11
142 342 10
142 348 8
142 349 10
144 146 12
144 153 12
144 155 11
144 157 11
144 159 12
144 161 11
144 179 12
144 192 12
144 239 12
144 285 12
145 270 8
145 292 9
145 295 5
145 296 8
145 344 6
146 153 13
146 155 12
146 157 12
146 159 12
146 161 12
146 179 12
146 237 10
146 239 12
146 285 13
148 150 11
148 232 11
148 271 10
148 321 10
148 330 11
148 334 11
148 335 13
148 336 12
148 342 11
148 348 9
148 349 11
150 232 13
150 271 10
150 322 10
150 323 12
150 330 12
150 334 12
150 335 11
150 336 12
150 342 13
150 348 11
150 349 12
152 234 11
152 238 8
152 240 7
152 257 9
152 259 11
152 260 6
152 274 7
152 277 7
152 319 9
153 155 12
153 157 12
153 159 12
153 161 12
153 179 12
153 237 10
153 239 12
153 285 13
154 228 11
154 252 10
154 284 11
154 300 9
154 302 11
154 310 11
154 311 11
154 312 11
154 315 11
154 316 13
154 317 9
154 325 13
154 326 11
154 337 12
155 157 13
155 159 11
155 161 13
155 179 12
155 237 9
155 239 11
155 285 12
156 162 10
156 240 5
156 246 8
156 260 10
156 288 10
156 290 8
156 319 4
156 332 7
156 333 8
156 343 10
156 345 10
156 351 9
157 159 11
157 161 13
157 179 12
157 237 9
157 239 11
157 285 12
158 250 12
158 255 6
158 267 3
158 284 9
158 315 9
159 161 11
159 179 12
159 239 12
159 285 12
160 164 12
160 166 12
160 168 13
160 186 12
160 216 12
160 256 12
160 328 11
160 329 12
160 339 9
160 340 12
161 179 12
161 237 9
161 239 11
161 285 12
162 246 10
162 260 8
162 288 10
162 332 7
162 333 8
162 343 10
162 345 8
162 351 11
164 166 12
164 168 12
164 186 12
164 216 13
164 254 9
164 256 12
164 328 12
164 329 13
164 339 10
164 340 13
166 168 12
166 186 13
166 216 12
166 254 9
166 256 13
166 328 12
166 329 12
166 340 12
168 186 12
168 216 12
168 256 12
168 329 12
168 340 12
169 231 11
169 239 10
169 249 12
174 198 9
179 239 12
179 285 12
180 182 8
180 184 9
180 202 12
182 184 11
182 202 9
184 202 10
186 216 12
186 254 9
186 255 4
186 256 13
186 328 12
186 329 12
186 338 3
186 339 9
186 340 12
194 218 2
194 268 3
204 347 8
204 348 9
208 319 9
210 214 8
212 248 8
212 261 11
212 278 10
212 296 6
212 324 9
212 344 9
216 254 9
216 255 5
216 256 12
216 328 12
216 329 13
216 339 10
216 340 13
218 224 11
218 230 9
218 262 6
218 279 5
220 222 7
220 224 7
220 226 9
220 262 12
220 263 12
220 264 8
220 265 8
220 279 12
220 280 8
222 226 9
222 237 1
222 262 7
222 263 8
222 264 9
222 266 8
222 267 2
222 279 8
222 280 9
224 262 8
224 263 7
224 279 7
226 262 8
226 263 9
226 264 12
226 265 12
226 266 11
226 279 9
226 280 12
226 282 7
228 252 12
228 284 10
228 302 9
228 310 9
228 312 10
228 315 9
228 316 11
228 317 11
228 325 11
228 326 13
228 327 10
228 337 12
228 338 9
232 271 10
232 322 10
232 323 12
232 330 12
232 334 12
232 335 11
232 336 12
232 342 13
232 348 11
232 349 12
234 238 9
234 248 5
234 257 11
234 274 9
234 275 8
234 277 9
234 319 7
237 285 10
238 240 6
238 248 6
238 257 10
238 259 8
238 270 8
238 274 11
238 276 9
238 277 11
238 296 7
239 285 12
240 257 7
240 259 8
240 260 7
240 276 9
240 345 6
242 244 10
242 246 5
242 294 5
242 303 7
242 350 6
242 351 3
244 246 5
244 303 8
244 304 6
244 350 8
246 288 7
246 290 8
246 294 12
246 333 6
246 343 10
246 345 6
246 350 4
246 351 10
248 257 5
248 261 8
248 270 7
248 274 8
248 275 8
248 277 8
248 296 9
248 344 10
250 267 3
250 284 10
250 315 10
252 254 5
252 284 9
252 312 9
252 315 8
252 316 10
252 317 12
252 325 10
252 326 12
252 327 11
252 337 11
252 338 10
254 256 9
254 317 5
254 327 5
254 328 10
254 338 7
254 339 8
254 340 9
255 339 8
255 340 5
256 328 12
256 329 12
256 338 3
256 339 9
256 340 12
257 259 9
257 274 10
257 275 10
257 276 9
257 277 10
257 319 5
259 274 7
259 276 10
259 277 7
259 319 8
260 288 9
260 319 7
260 343 9
260 345 12
260 351 8
261 278 10
261 291 9
261 324 9
261 344 7
262 263 12
262 264 7
262 265 7
262 279 12
262 280 7
263 264 8
263 265 8
263 266 7
263 279 13
263 280 8
264 265 13
264 266 12
264 279 8
264 280 13
264 281 6
264 282 8
265 266 12
265 279 8
265 280 13
265 282 8
266 279 7
266 280 12
266 281 7
266 282 9
267 281 7
267 283 6
267 297 6
267 309 7
269 287 4
270 274 9
270 275 9
270 277 9
270 292 8
270 296 9
270 344 8
271 304 10
271 321 10
271 322 9
271 323 10
271 330 11
271 335 10
271 349 10
273 346 9
274 275 11
274 276 7
274 277 13
274 296 8
275 277 11
275 344 6
276 277 7
276 296 5
277 296 8
278 287 10
278 291 9
279 280 8
280 281 6
280 282 8
281 282 10
281 283 8
281 297 8
281 309 10
282 308 11
282 309 8
283 297 13
283 298 10
283 299 5
283 300 4
283 301 4
283 309 10
284 300 8
284 302 10
284 310 10
284 315 12
284 316 11
284 325 11
284 326 10
284 337 10
288 320 5
288 332 10
288 333 10
288 343 9
288 345 9
288 351 9
292 296 8
294 343 11
296 344 9
297 298 10
297 299 5
297 309 10
298 299 8
298 300 7
298 301 7
298 309 7
299 300 12
299 301 12
299 302 10
299 310 10
299 311 10
300 301 13
300 302 11
300 310 11
300 311 11
300 315 8
300 316 9
300 325 9
301 302 11
301 310 11
301 311 11
301 312 8
302 310 13
302 311 13
302 312 10
302 315 10
302 316 11
302 325 11
302 326 9
302 337 10
303 304 8
303 305 7
303 313 8
303 321 7
303 350 8
304 321 9
304 322 7
304 330 8
304 335 8
304 349 7
304 350 10
308 309 10
310 311 13
310 312 10
310 315 10
310 316 11
310 325 11
310 326 9
310 337 10
311 312 10
311 315 10
311 316 11
311 325 11
311 337 10
312 316 11
312 317 9
312 325 11
312 326 10
312 337 11
313 321 11
315 316 11
315 325 11
315 326 9
315 337 10
316 317 9
316 325 13
316 326 11
316 337 12
317 325 9
317 326 11
317 327 12
317 337 10
317 338 11
319 343 4
319 345 7
320 322 9
320 331 12
320 332 8
320 333 8
320 348 8
321 334 8
321 335 10
322 323 11
322 330 11
322 333 5
322 334 9
322 342 10
322 348 10
322 349 11
323 330 12
323 334 11
323 336 11
323 342 12
323 348 10
323 349 12
324 344 9
325 326 11
325 337 12
326 327 10
326 337 12
326 338 9
327 337 9
327 338 11
328 329 12
328 339 10
328 340 12
329 339 10
329 340 13
330 334 11
330 335 11
330 342 12
330 348 10
330 349 12
331 332 7
332 333 11
332 345 6
332 351 6
333 345 6
333 351 7
334 335 11
334 336 12
334 342 12
334 348 11
334 349 11
335 336 12
335 342 11
335 348 9
335 349 11
336 342 12
336 348 10
336 349 11
339 340 10
342 348 11
342 349 12
343 345 9
343 351 11
345 351 8
347 351 5
348 349 11
