11111111111111111111111111111111111111111111111111
22222222222222222222222222222222222222222222222222
22222323333332233332323233223333332333233323332332

11111111111111111111111111111111111111111111111111
22222222222222222222222222222222222222222222222222
22222323333232233332323333223333322333233323333332

11111111111111111111111111111111111111111111111111
22222222222222222222222222222222222222222222222222
22222323332332333332333233223333323333233323332332

11111111111111111111111111111111111111111111111111
22222222222222222222222222222222222222222222222222
22222323332332233332323333223333322333233322332332
11111111111111111111111111111111111111111111111111
22222222222222222222222222222222222222222222222222
22222323333332233332323333223333323333233323333332
11111111111111111111111111111111111111111111111111
22222222222222222222222222222222222222222222222222
22222323332232233332323233223333322333233333332332
11111111111111111111111111111111111111111111111111
22222222222222222222222222222222222222222222222222
22222323332332233332323233223333322333232323332332
11111111111111111111111111111111111111111111111111
22222222222222222222222222222222222222222222222222
22222323333332333332323233223333323333233323332332

11111111111111111111111111111111111111111111111111
22222222222222222222222222222222222222222222222222
22222323332332233332323233223333323333233333332332

11111111111111111111111111111111111111111111111111
22222222222222222222222222222222222222222222222222
32333323333332333332323233233333322333233333332332


11111111111111111111111111111111111111111111111111
22222221222222222222222222222222222222222222222222
32333323333332333332323233223333322333233333332332
