1 64 5
1 79 3
1 440 4
1 468 3
2 33 7
2 182 6
2 192 7
2 502 8
2 533 8
3 64 2
3 166 1
3 194 2
3 222 1
4 66 3
4 81 4
4 131 4
4 141 6
4 326 2
4 347 4
4 358 4
4 483 6
5 10 5
5 76 6
5 79 2
5 212 5
5 219 5
5 259 4
6 103 5
6 106 5
6 145 6
6 241 6
6 429 2
7 122 8
7 158 8
7 185 8
7 190 7
7 218 8
7 235 3
7 415 7
7 484 8
7 506 8
8 378 7
8 435 3
8 463 6
8 471 5
9 123 5
9 144 6
9 207 6
9 444 5
9 473 5
10 76 6
10 212 5
10 304 4
11 30 6
11 36 6
11 114 7
11 160 6
11 243 6
11 244 6
11 317 5
11 339 5
11 392 5
12 24 7
12 92 7
12 112 7
12 284 7
12 320 6
12 531 7
13 54 5
13 69 8
13 83 6
13 135 5
13 168 6
13 169 6
13 377 3
14 133 4
14 214 4
14 270 3
14 330 5
14 361 3
14 397 4
15 16 4
15 87 4
15 308 7
15 321 6
15 364 5
15 381 6
15 391 6
15 461 5
16 25 7
16 39 6
16 104 7
16 364 6
16 406 6
17 44 4
17 202 4
17 263 4
17 273 2
17 276 4
17 363 5
18 56 6
18 82 1
18 118 4
18 209 5
18 286 7
18 487 4
18 501 5
19 99 4
19 161 3
19 326 1
19 514 3
20 73 1
20 174 3
20 271 4
20 343 3
20 422 4
20 426 5
20 495 3
21 34 4
21 106 4
21 109 4
21 345 8
21 438 4
21 479 4
23 142 3
23 165 3
23 292 3
23 350 2
23 450 5
23 476 4
23 498 4
24 38 5
24 92 6
24 112 8
24 278 6
24 284 6
24 320 5
24 475 4
24 531 6
25 39 6
25 104 6
25 364 7
25 406 7
26 110 3
26 144 1
26 147 5
26 170 6
26 280 5
26 373 4
26 387 6
26 491 6
27 60 3
27 84 6
27 98 1
27 100 2
27 298 4
28 58 6
28 106 4
28 109 6
28 145 6
28 241 6
28 269 5
28 297 7
28 438 6
28 515 7
29 89 5
29 124 4
29 151 4
29 181 4
29 390 3
29 452 4
29 459 4
29 477 6
29 493 3
30 36 7
30 114 5
30 160 8
30 234 5
30 243 8
30 244 8
30 339 6
30 403 4
31 367 5
31 369 6
31 390 4
31 430 5
31 464 5
31 493 5
32 396 0
33 137 6
33 182 7
33 192 8
33 247 5
33 268 6
33 305 4
33 502 7
33 533 7
34 46 6
34 155 7
34 260 6
34 329 7
34 334 6
34 345 4
34 479 8
35 57 6
35 63 6
35 75 4
35 163 7
35 213 6
35 265 6
35 331 3
35 418 8
35 504 6
36 40 5
36 114 5
36 160 7
36 243 7
36 244 7
36 339 7
37 50 2
37 108 7
37 124 4
37 216 8
37 294 4
37 319 8
37 452 4
37 465 3
38 92 6
38 186 5
38 205 6
38 278 6
38 284 6
38 320 7
38 402 6
38 531 7
39 104 6
39 364 5
39 406 6
40 127 3
40 339 5
40 486 3
41 82 4
41 136 3
41 204 6
41 251 0
41 322 3
41 359 3
42 85 8
42 90 8
42 201 6
42 230 8
42 315 8
42 422 5
42 437 8
42 446 7
42 534 7
43 71 3
43 98 3
43 352 3
43 383 6
43 385 2
43 409 3
43 412 6
43 413 5
43 480 6
44 156 4
44 162 1
44 170 2
44 202 4
44 263 2
44 276 2
44 280 3
44 379 3
45 151 1
45 165 4
45 179 4
45 200 3
45 231 4
45 350 4
45 498 1
46 52 5
46 155 6
46 260 6
46 290 4
46 329 7
46 334 6
46 357 5
46 479 6
47 111 5
47 161 7
47 172 5
47 242 2
47 250 7
47 462 7
47 508 6
48 70 4
48 269 3
48 307 4
48 311 6
48 371 4
48 416 3
48 505 6
49 95 6
49 500 6
50 130 8
50 176 8
50 187 8
50 319 2
50 421 7
50 457 8
50 465 7
50 478 6
51 227 6
51 239 5
51 245 7
51 313 0
51 335 7
51 405 4
51 529 7
52 290 6
52 307 3
52 371 5
53 129 4
53 252 6
53 287 8
53 291 3
53 337 6
53 398 5
53 432 3
53 454 6
53 469 6
54 83 6
54 135 8
54 168 5
54 179 4
54 200 7
54 206 5
54 350 4
54 354 6
55 281 4
55 296 6
56 94 5
56 118 3
56 209 7
56 286 5
56 487 6
56 489 5
56 521 4
57 63 7
57 163 7
57 213 8
57 262 4
57 265 8
57 338 8
57 418 6
57 504 7
58 70 2
58 515 5
59 115 8
59 140 7
59 237 6
59 353 7
59 365 7
59 481 4
59 499 3
59 503 5
60 84 5
60 98 3
60 309 7
60 352 6
60 383 3
60 412 3
61 132 2
61 146 3
61 385 2
62 73 3
62 86 5
62 148 7
62 189 7
62 223 7
62 263 3
62 272 5
62 343 5
62 518 7
63 163 7
63 213 7
63 265 7
63 267 3
63 338 7
63 418 6
63 504 8
64 79 4
64 259 3
64 440 3
64 468 4
65 193 4
65 236 3
65 423 2
65 519 3
66 81 6
66 131 5
66 249 2
66 253 3
66 275 2
66 336 1
66 483 3
67 113 4
68 74 4
69 168 6
69 169 6
70 116 5
70 228 5
70 269 3
70 311 3
70 505 5
71 80 1
71 283 3
71 383 4
71 412 3
71 413 5
72 129 2
72 207 4
72 238 5
72 344 4
72 360 4
72 453 2
73 223 4
73 271 5
73 296 4
73 420 4
73 448 6
73 518 4
74 355 2
74 375 2
75 163 3
75 171 7
75 267 6
75 274 6
75 331 7
75 382 6
75 418 4
76 304 4
77 143 7
77 178 4
77 408 4
77 436 6
77 441 4
77 443 5
77 490 7
78 132 2
78 385 2
78 409 3
79 259 4
79 468 5
80 227 3
80 239 2
80 380 3
80 411 2
80 413 1
81 131 7
81 141 4
81 253 2
81 270 4
81 275 2
81 483 5
82 198 3
82 204 5
82 240 3
82 286 2
83 135 6
83 169 6
83 200 5
83 288 7
83 354 8
84 121 5
84 352 3
85 90 8
85 201 6
85 230 8
85 315 8
85 422 5
85 437 8
85 446 7
85 534 7
86 189 4
86 223 6
86 263 5
86 272 8
86 276 5
86 420 5
86 448 4
86 518 4
87 97 1
87 277 4
87 308 4
87 321 5
87 381 5
87 391 5
87 488 5
87 530 1
88 274 7
88 351 8
88 382 7
89 95 4
89 124 3
89 151 4
89 173 5
89 306 3
89 390 1
89 452 3
90 201 6
90 230 8
90 315 8
90 422 5
90 437 8
90 446 7
90 534 7
91 184 5
91 229 2
91 233 6
91 282 2
91 401 6
91 447 5
91 470 3
91 535 2
92 112 6
92 186 4
92 284 6
92 320 7
92 402 6
92 531 7
93 167 8
93 301 8
93 407 8
93 507 8
94 209 5
94 487 4
94 489 6
95 134 2
95 151 4
95 173 6
95 306 5
95 477 3
95 500 5
96 98 1
97 188 8
97 310 7
97 341 7
97 362 6
97 456 7
97 530 7
98 212 0
98 295 5
98 383 4
98 412 5
98 480 4
99 242 4
99 264 4
99 514 5
100 283 1
100 487 3
101 128 4
101 388 2
101 426 4
102 159 4
102 393 5
102 509 6
102 520 7
103 145 7
103 241 7
103 341 1
104 406 5
105 492 4
106 109 6
106 241 5
106 297 5
106 345 4
106 416 1
106 438 6
107 134 6
107 221 3
107 417 4
108 124 5
108 216 7
108 319 7
108 452 5
109 241 5
109 269 4
109 297 7
109 345 4
109 438 7
109 515 7
110 123 4
110 255 7
110 423 5
110 491 3
110 512 4
111 161 5
111 172 4
111 195 2
111 250 5
111 462 5
112 475 4
113 197 4
113 432 2
113 528 4
113 535 5
114 160 5
114 243 5
114 244 5
114 251 3
114 317 6
114 392 6
115 140 7
115 237 6
115 353 7
115 365 7
115 481 4
115 499 3
115 503 5
116 228 7
116 258 3
116 325 5
116 467 5
117 138 6
117 157 3
117 395 3
117 427 4
118 224 5
118 266 2
118 299 5
118 316 6
118 370 5
118 501 7
118 521 4
119 183 5
119 254 3
119 281 4
119 282 3
119 424 4
119 470 1
119 474 4
120 172 0
120 195 5
120 249 3
120 328 4
120 336 4
120 372 7
120 428 5
120 449 4
120 494 6
121 224 4
121 298 5
121 352 1
122 158 8
122 185 8
122 190 7
122 218 8
122 235 3
122 415 7
122 484 8
122 506 8
123 144 5
123 255 4
123 360 5
123 512 7
124 181 2
124 216 4
124 319 4
124 452 8
124 477 3
125 214 3
125 217 4
125 449 5
125 526 4
126 132 6
126 208 7
126 226 6
126 385 5
126 399 6
126 460 5
127 128 3
127 348 1
127 388 4
127 486 7
127 511 3
128 388 5
128 426 4
129 225 5
129 287 4
129 337 5
129 432 4
129 453 8
129 469 6
130 176 8
130 187 8
130 421 7
130 457 8
130 465 7
130 478 6
131 141 4
131 253 2
131 270 4
131 275 2
131 483 5
132 208 5
132 385 7
132 399 6
132 409 6
132 480 3
133 270 6
133 330 2
133 397 6
133 483 4
134 154 2
134 221 3
134 390 2
134 417 4
134 510 4
135 168 5
135 179 4
135 200 7
135 206 5
135 350 4
135 354 6
136 139 3
136 204 3
136 359 5
136 386 5
136 472 5
136 496 3
137 182 7
137 192 6
137 247 7
137 268 8
137 279 5
137 305 6
137 394 7
137 533 5
138 157 5
138 395 5
138 427 5
138 516 1
139 359 5
139 386 4
139 414 5
139 472 4
140 237 6
140 353 6
140 365 7
140 419 5
141 358 3
141 483 6
142 177 5
142 231 4
142 340 7
142 450 5
142 458 6
142 476 7
142 498 7
143 178 4
143 408 3
143 436 5
143 441 3
143 443 5
143 490 6
144 207 5
144 238 4
144 360 4
144 379 3
144 444 5
144 512 4
145 241 8
145 269 5
145 297 6
145 438 5
146 356 4
146 460 6
147 153 6
147 170 4
147 280 4
147 344 3
147 360 2
147 373 6
147 387 7
147 528 2
148 189 8
148 343 6
148 518 8
149 378 2
149 402 5
149 463 2
150 264 2
151 173 5
151 477 5
152 291 5
152 302 4
152 366 3
152 384 7
152 398 4
152 519 5
153 255 4
153 373 5
153 387 6
154 181 4
154 312 6
154 369 4
154 417 4
154 459 4
154 464 4
154 493 4
154 510 5
155 260 7
155 327 6
155 329 7
155 334 7
155 345 3
155 357 6
155 479 7
156 202 4
156 280 5
157 395 5
157 427 5
158 185 8
158 190 7
158 218 8
158 415 7
158 484 8
158 506 8
159 393 4
159 509 6
159 520 4
160 234 5
160 243 8
160 244 8
160 339 6
160 403 4
161 172 5
161 250 6
161 462 7
161 508 5
162 238 5
162 379 5
162 432 2
162 444 7
163 213 7
163 265 7
163 338 7
163 418 7
163 504 7
164 235 7
164 248 4
164 324 7
164 492 6
165 177 5
165 179 4
165 231 7
165 292 5
165 450 6
165 498 4
166 222 3
166 470 3
167 301 8
167 407 8
167 507 8
168 179 4
168 200 4
168 206 6
168 292 3
168 377 5
169 288 7
169 354 6
170 280 6
170 379 4
170 387 5
170 491 6
171 267 6
171 274 7
171 331 8
171 351 6
171 382 7
172 242 4
172 250 5
172 264 2
172 508 4
173 306 5
173 477 4
173 500 3
173 513 4
174 422 7
175 193 5
175 236 3
175 423 3
175 473 5
176 187 8
176 421 7
176 457 8
176 465 7
176 478 6
177 231 6
177 340 6
177 450 7
177 476 6
177 498 5
178 256 5
178 257 5
178 436 6
178 443 7
178 451 4
178 490 4
178 525 5
179 206 6
179 231 4
179 292 5
179 350 6
180 220 6
180 232 7
180 293 5
180 376 6
180 410 7
180 475 3
181 369 5
181 430 5
181 459 7
181 464 6
181 477 4
181 493 7
182 192 7
182 247 6
182 268 7
182 305 5
182 394 6
182 533 6
183 281 3
183 424 4
183 474 3
184 233 6
184 401 5
184 447 4
184 470 5
184 474 5
185 190 7
185 218 8
185 415 7
185 484 8
185 506 8
186 220 5
186 232 4
186 278 5
186 284 6
186 293 4
186 320 4
186 531 5
187 421 7
187 457 8
187 465 7
187 478 6
188 310 7
188 341 7
188 362 6
188 456 7
188 530 7
189 223 6
189 272 4
189 343 6
189 518 8
190 218 7
190 378 1
190 415 7
190 484 7
190 506 7
191 210 4
191 349 2
191 429 4
191 433 2
192 247 5
192 268 6
192 502 7
192 533 7
193 236 3
195 217 6
195 361 5
195 372 6
195 449 6
195 494 7
196 470 2
197 535 5
198 204 3
198 240 6
198 348 2
198 445 4
198 482 5
199 201 7
199 495 7
200 206 5
200 350 5
200 354 5
201 230 6
201 315 6
201 437 6
201 495 7
202 363 4
202 373 1
203 215 6
203 261 7
203 262 3
203 300 6
203 346 7
203 431 5
204 240 3
204 359 3
205 320 6
205 402 5
206 231 2
206 292 5
206 350 5
206 377 5
207 238 7
207 344 5
207 360 6
207 444 5
207 512 5
207 528 4
208 226 6
208 385 6
208 399 6
208 409 5
208 460 5
209 266 3
209 286 4
209 298 3
209 487 7
209 489 6
209 521 4
210 349 3
210 433 4
211 285 6
211 425 5
211 455 8
211 461 5
211 522 7
212 219 4
212 259 4
212 304 5
212 313 3
213 262 4
213 265 8
213 338 8
213 418 6
213 504 7
214 330 3
214 336 1
214 358 1
214 361 4
214 449 3
215 261 7
215 300 8
215 346 6
215 431 4
216 294 4
216 319 8
216 452 4
216 465 3
217 328 4
217 372 5
217 449 7
217 494 6
218 235 3
218 415 7
218 484 8
218 506 8
219 222 1
219 259 2
219 313 2
219 333 1
219 440 1
220 232 7
220 284 3
220 293 7
220 376 6
220 404 7
221 306 4
221 485 4
221 513 5
223 263 3
223 272 6
223 343 4
223 448 4
223 518 6
224 299 6
224 316 7
224 370 6
224 501 4
225 281 3
225 453 5
225 469 4
226 460 7
227 239 7
227 245 5
227 335 6
227 380 3
227 529 5
228 258 3
228 325 5
228 467 6
228 505 4
229 528 4
230 315 8
230 422 5
230 437 8
230 446 7
230 534 7
231 292 4
231 450 6
232 293 6
232 376 7
232 404 8
232 410 7
233 282 3
233 366 4
233 401 6
233 447 6
233 474 4
234 243 5
234 244 5
235 248 5
235 324 8
235 492 7
235 506 3
235 527 1
236 442 3
236 523 3
237 258 2
237 342 2
237 353 6
237 365 6
237 503 5
238 344 5
238 360 6
238 444 5
238 512 5
238 528 4
239 245 4
239 335 6
240 445 3
241 269 5
241 297 6
241 438 5
242 264 4
242 508 2
243 244 8
243 339 6
243 403 4
244 339 6
244 403 4
245 335 6
245 380 5
245 405 5
245 411 4
245 529 7
245 532 4
246 349 5
246 374 4
246 375 4
246 503 5
247 268 7
247 279 6
247 305 7
247 394 8
247 536 6
248 324 5
248 411 3
248 527 3
248 532 4
249 253 4
249 336 5
249 372 3
249 428 5
249 526 7
250 462 7
250 508 6
251 303 5
251 314 6
251 317 4
251 318 5
251 392 5
252 287 6
252 368 3
252 398 5
252 454 7
252 469 4
253 428 3
253 526 4
254 281 4
254 296 4
254 420 4
254 432 0
254 448 4
255 423 5
255 512 4
256 257 8
256 436 3
256 443 5
256 451 7
256 525 8
257 436 3
257 443 5
257 451 7
257 525 8
258 325 4
258 355 4
258 419 5
259 304 4
259 434 6
259 468 3
260 327 6
260 329 6
260 334 7
260 357 6
260 479 6
261 300 7
261 346 6
261 431 4
262 265 4
262 338 4
262 346 4
262 400 6
262 431 5
263 272 5
263 276 8
263 363 6
263 420 4
264 514 3
265 338 8
265 418 6
265 504 7
266 298 6
266 299 5
266 472 2
266 489 5
266 496 7
266 521 6
267 274 6
267 331 6
267 382 6
267 504 3
268 279 5
268 305 6
268 394 7
268 533 5
269 297 5
269 311 4
270 397 5
270 483 5
271 343 5
271 426 2
271 448 3
272 276 5
272 420 5
272 448 4
272 518 4
273 332 3
273 414 4
273 445 3
273 472 2
274 331 7
274 351 7
274 382 8
276 363 6
276 420 4
277 425 7
277 455 4
277 488 7
278 284 6
278 410 3
278 475 5
278 531 6
279 305 7
279 323 6
279 394 6
279 439 8
279 536 6
280 373 3
280 379 3
280 387 5
280 491 5
282 368 3
282 401 3
282 424 3
282 474 5
283 383 3
283 413 2
284 320 6
284 531 7
285 308 5
285 321 5
285 381 6
285 391 5
285 455 6
285 461 7
285 488 5
285 522 7
286 487 4
286 501 4
287 291 3
287 337 6
287 398 5
287 432 3
287 454 6
287 469 6
288 354 7
289 303 2
289 523 3
290 329 3
290 342 4
290 371 4
290 481 3
290 503 2
291 337 3
291 344 1
291 384 5
291 519 4
292 350 4
292 377 5
292 450 4
293 376 5
293 404 6
294 319 4
294 367 4
294 369 4
294 430 4
294 464 3
295 412 4
295 480 4
296 420 6
296 448 6
297 345 3
297 438 7
297 515 6
298 299 5
298 489 5
298 496 5
298 521 6
299 316 7
299 370 8
299 489 4
299 496 5
299 521 6
300 346 6
300 431 4
301 400 1
301 407 8
301 507 8
302 366 6
302 384 5
302 401 3
302 447 5
302 535 4
303 314 5
303 317 3
303 392 4
304 434 4
304 442 1
305 323 6
305 394 7
305 536 7
306 389 6
306 500 5
306 513 5
307 311 4
307 371 6
307 416 5
307 429 4
308 321 7
308 364 4
308 381 7
308 391 7
308 455 3
308 461 6
309 352 6
310 341 8
310 362 7
310 456 8
310 530 7
311 371 3
311 416 4
311 505 6
312 367 5
312 417 5
312 510 5
313 333 4
313 517 4
314 318 4
314 392 5
315 422 5
315 437 8
315 446 7
315 534 7
316 370 7
316 501 5
317 392 7
317 470 0
319 452 4
319 465 3
320 402 6
320 531 7
321 364 4
321 381 7
321 391 8
321 488 6
322 359 4
323 502 4
323 533 4
323 536 7
324 492 7
325 467 6
326 347 3
326 358 4
326 361 0
327 334 7
327 357 8
327 481 4
327 499 5
328 336 3
328 372 5
328 449 4
328 494 5
328 497 3
328 516 5
329 334 6
329 345 3
329 357 5
329 479 7
330 397 3
331 351 6
331 382 7
331 418 3
332 440 3
332 445 4
332 482 2
333 517 4
333 527 0
334 357 7
334 479 6
334 481 3
335 529 6
336 361 4
336 372 4
336 494 4
336 526 4
337 398 4
337 432 4
337 453 5
337 469 6
338 504 7
339 403 5
339 511 3
340 458 6
340 476 8
340 498 7
341 362 7
341 456 8
341 530 7
342 349 2
342 503 3
343 518 6
344 360 6
344 373 3
344 512 4
344 528 5
345 438 4
345 479 4
346 431 6
347 358 7
348 403 2
348 482 5
348 511 5
349 374 6
349 375 5
349 433 4
351 382 7
352 383 4
352 412 4
352 413 3
353 365 6
353 503 5
355 365 5
355 419 7
356 460 4
357 479 5
357 481 4
357 499 5
358 483 3
359 386 4
359 414 3
360 512 6
360 528 5
361 449 5
361 494 5
362 456 7
362 530 7
364 391 4
364 406 6
366 384 4
366 447 6
367 369 7
367 430 5
368 424 1
368 454 4
369 430 6
369 459 5
369 464 7
369 493 6
370 521 6
371 416 5
372 428 5
372 449 5
372 494 7
373 387 6
374 375 5
375 433 3
376 393 2
376 404 7
376 410 6
377 508 2
378 435 3
378 463 6
378 471 6
379 432 2
380 405 5
380 411 7
380 527 1
380 529 5
380 532 6
381 391 7
381 455 4
381 461 6
381 488 6
383 412 7
383 413 6
383 480 4
384 519 4
385 399 6
385 409 6
385 480 3
386 414 3
386 472 5
386 523 4
387 491 5
388 486 4
389 500 4
390 459 5
391 488 6
393 408 3
393 441 3
393 509 6
394 536 6
395 427 4
398 469 4
398 519 3
399 409 6
400 407 1
400 431 4
401 447 6
401 470 3
401 535 2
402 531 5
403 426 1
403 511 5
404 410 7
405 411 5
405 529 5
405 532 6
407 507 8
408 441 5
408 475 3
408 490 5
409 480 4
410 475 3
411 529 4
411 532 7
412 413 5
412 480 5
413 480 3
414 472 4
415 484 7
415 506 7
417 485 6
417 510 6
418 504 6
420 448 6
421 457 7
421 465 6
421 478 7
422 437 5
422 495 6
424 524 4
425 455 5
425 488 7
428 494 4
428 526 5
430 464 6
430 493 5
434 442 1
435 463 5
435 471 3
436 443 6
436 490 6
437 446 7
437 534 7
438 515 6
441 490 4
441 509 3
441 520 5
443 451 4
443 490 4
445 482 3
446 466 7
446 534 7
447 470 3
449 494 6
450 476 6
450 498 5
451 525 7
452 477 3
453 469 6
455 461 5
455 488 5
455 522 7
456 530 7
457 465 7
457 478 6
458 476 6
458 498 6
459 464 6
459 477 3
459 493 7
461 522 6
462 508 5
463 471 4
464 493 7
466 534 7
468 532 2
472 496 3
476 498 7
477 493 3
481 499 7
481 503 4
482 511 3
484 506 8
485 510 5
485 513 4
487 489 5
489 496 4
489 521 6
496 521 5
497 516 4
502 533 8
509 520 6
512 528 4
527 532 3
528 535 4
529 532 4
