1 465 2
1 878 3
1 1030 4
1 1168 4
1 1366 5
1 1542 3
2 94 2
3 51 5
3 52 4
3 55 4
3 58 4
3 116 4
3 503 4
4 260 3
4 476 1
4 1499 3
5 101 3
5 1736 1
5 1778 3
6 74 4
7 27 5
7 59 3
7 67 5
7 83 4
7 89 1
7 1132 3
7 1750 4
8 1136 4
8 1276 1
9 29 1
9 1706 2
11 257 2
11 287 4
11 335 4
11 572 3
12 22 1
12 43 3
12 108 3
12 201 3
12 222 2
12 228 3
12 477 2
13 389 1
13 399 2
13 462 3
14 64 2
14 346 0
14 1088 1
14 1640 1
14 1757 1
15 42 4
15 910 2
15 1012 1
15 1457 2
16 1035 2
16 1145 2
16 1193 2
16 1569 3
16 1644 2
17 224 3
17 1064 4
17 1304 2
18 62 3
18 109 3
18 338 2
18 1382 4
19 123 2
19 128 0
19 1254 2
19 1415 2
20 30 4
20 32 4
21 56 2
21 849 1
22 187 4
22 408 3
22 429 5
22 457 3
22 477 3
23 259 0
23 389 1
23 464 0
23 908 2
23 1170 1
23 1548 4
24 154 3
24 193 2
24 227 2
24 232 4
24 1220 2
24 1241 1
25 98 3
25 101 3
25 474 5
25 497 3
25 508 3
25 1768 2
25 1778 1
26 238 1
26 247 1
26 662 3
26 672 4
26 682 4
27 67 4
27 83 4
27 1132 3
27 1750 4
27 1772 2
28 44 3
29 41 2
30 32 3
30 74 1
31 1206 2
31 1207 2
31 1343 2
32 120 4
33 72 4
33 366 2
33 549 3
33 1076 3
33 1323 3
33 1408 4
34 36 4
34 47 3
34 121 2
35 224 3
35 881 5
35 1064 1
35 1610 3
35 1630 3
36 47 2
36 121 2
36 402 0
37 161 2
37 832 1
37 855 3
37 1324 1
38 1067 1
38 1120 1
39 97 2
39 128 2
40 1455 1
41 169 2
41 184 1
41 1070 2
41 1287 0
41 1326 2
41 1402 2
42 125 4
42 381 3
42 1162 2
42 1255 3
42 1388 4
42 1457 2
43 48 3
43 57 3
43 91 4
43 108 3
43 201 3
43 477 3
44 53 1
44 109 0
45 1202 5
45 1369 4
45 1675 4
46 61 3
47 121 2
48 57 5
48 71 3
48 477 2
48 1169 3
48 1368 3
49 305 3
49 1580 2
50 1426 2
51 52 4
51 55 4
51 58 4
51 116 5
51 117 1
51 503 5
52 55 6
52 58 5
52 76 5
52 78 4
52 116 4
53 174 2
53 1685 3
53 1712 2
54 1667 1
55 58 5
55 76 5
55 78 4
55 116 4
56 127 3
56 180 3
56 186 4
56 209 3
57 71 2
57 91 1
57 477 2
57 1169 3
57 1344 1
58 76 4
58 116 4
59 67 3
59 83 3
59 1750 2
59 1756 2
60 1549 1
60 1567 4
61 63 2
61 194 2
61 868 0
61 1631 3
61 1645 2
62 109 3
62 1685 1
63 64 1
63 90 3
63 144 4
63 190 2
63 220 1
63 1631 2
64 92 3
64 99 2
64 220 2
64 1625 2
64 1640 2
65 1279 1
66 196 2
66 291 1
66 990 3
66 1184 2
66 1224 2
66 1262 2
66 1522 2
67 83 4
67 89 2
67 157 1
68 213 5
68 283 3
68 705 3
68 1735 4
69 111 3
69 112 4
70 1211 0
70 1583 0
70 1612 4
70 1629 3
70 1661 4
71 434 2
71 467 3
71 1159 4
71 1169 4
71 1368 4
72 1323 3
72 1408 4
72 1703 4
73 127 3
74 150 2
74 234 3
75 121 0
75 1321 1
75 1766 2
76 78 5
77 1176 2
77 1296 3
77 1306 5
77 1341 5
77 1410 2
77 1411 6
77 1597 3
80 179 3
80 230 3
80 397 3
80 435 4
80 683 4
80 1040 3
80 1678 2
81 1159 2
81 1169 3
82 113 2
82 603 3
82 765 2
82 1675 2
82 1695 2
83 1756 3
83 1772 4
84 90 3
84 154 2
84 214 3
84 218 3
85 1032 3
86 91 1
86 94 1
87 759 2
88 122 2
89 157 2
89 196 1
89 224 1
89 835 2
89 1610 1
90 144 3
90 190 3
90 214 1
90 1247 1
90 1631 2
91 108 4
91 201 4
91 228 4
92 99 1
92 220 2
92 1241 3
92 1261 3
92 1625 3
93 396 1
93 1787 2
94 1299 2
95 113 0
95 338 3
95 343 3
95 369 3
95 984 0
95 1037 1
95 1382 2
96 105 2
96 107 2
96 1132 1
96 1669 2
97 1176 2
97 1198 1
97 1280 3
98 101 2
98 498 1
98 508 2
98 1245 1
98 1768 3
99 214 3
101 474 3
101 1778 2
102 210 3
103 110 2
103 177 1
103 366 0
103 1130 2
103 1321 2
103 1397 1
104 1203 4
104 1589 4
104 1603 4
104 1604 5
105 605 0
106 120 3
106 170 4
106 1617 4
106 1647 2
107 1570 3
108 142 4
108 152 1
108 201 5
108 228 5
110 163 2
110 177 3
110 672 1
110 693 2
110 1321 1
111 112 5
111 1282 3
112 261 3
112 1128 4
112 1560 2
113 560 2
113 654 3
113 1720 2
114 1143 3
115 256 2
115 1296 5
115 1328 3
115 1410 5
116 117 2
116 861 1
117 861 2
117 1042 0
118 136 1
118 163 3
118 177 2
118 823 0
118 1615 1
118 1651 1
119 560 1
119 1175 1
119 1587 1
120 288 2
120 1177 4
120 1617 4
122 135 0
123 243 0
123 1384 1
123 1402 1
124 250 3
125 298 1
125 381 4
125 1149 2
125 1162 3
125 1255 2
125 1388 5
126 1156 2
127 186 3
127 253 3
127 1556 3
128 1572 3
129 396 1
129 554 2
129 846 2
129 869 2
129 896 3
130 1280 0
131 329 1
131 726 1
131 936 3
131 1100 2
132 152 2
132 178 2
132 211 1
132 1458 3
132 1463 3
132 1515 3
133 185 1
133 215 1
133 307 2
133 779 3
133 908 0
133 1160 1
134 227 3
135 145 2
135 251 2
135 688 1
136 166 2
136 177 2
136 202 3
136 247 1
136 886 3
137 1036 3
137 1481 2
137 1702 2
137 1734 2
137 1774 1
138 148 3
138 183 3
138 369 1
138 838 2
139 169 3
139 184 2
139 353 2
139 509 2
139 1070 3
139 1744 2
140 160 4
140 168 0
140 170 4
140 1617 2
140 1697 4
140 1741 2
141 417 2
141 423 1
142 152 3
142 201 3
142 211 1
142 219 3
142 228 3
143 182 4
143 831 2
144 190 4
144 1221 1
145 172 3
145 226 4
145 229 4
145 251 5
146 163 2
146 782 2
146 879 3
146 894 3
146 1191 2
146 1651 2
147 475 3
147 491 2
147 1264 1
147 1346 2
147 1355 2
147 1611 0
148 351 2
148 858 2
148 885 1
149 256 2
149 425 1
149 769 1
149 1070 0
149 1364 1
149 1795 1
150 234 4
150 1227 3
150 1699 2
150 1787 1
150 1793 1
151 210 2
151 466 2
151 1769 2
152 178 5
152 211 2
152 219 5
152 1309 4
153 206 1
153 861 0
154 176 2
154 227 3
155 229 3
155 240 4
155 411 2
155 651 4
155 661 5
155 715 4
155 734 4
156 164 3
156 205 5
156 767 4
156 1275 3
156 1590 4
157 1609 1
158 237 4
158 241 1
158 1623 2
158 1654 4
158 1720 2
158 1749 2
158 1786 4
159 1665 0
160 170 3
160 200 2
160 234 1
160 1697 3
160 1699 2
160 1741 2
161 725 1
161 849 1
161 1704 1
161 1794 4
162 234 1
162 1647 3
163 177 4
163 202 3
163 1651 2
164 205 4
164 886 3
165 198 2
165 213 1
165 283 3
165 681 3
165 883 2
165 922 2
165 1734 1
166 231 4
166 238 4
166 246 4
166 802 1
166 886 2
166 1267 5
167 459 2
167 517 2
167 547 3
167 1343 0
167 1564 1
168 288 2
168 406 2
168 416 2
168 882 4
168 896 1
168 1357 2
169 353 2
169 509 2
169 1070 2
169 1326 1
170 1617 3
170 1697 4
171 207 1
172 199 3
172 226 3
172 239 3
173 178 2
173 211 3
174 544 3
174 578 3
174 664 4
174 863 1
174 1270 3
174 1712 3
175 301 2
175 984 1
175 1382 0
175 1477 3
176 220 0
176 346 0
176 1218 2
176 1241 1
176 1247 1
176 1757 3
177 202 4
177 1278 2
178 219 4
178 1309 3
179 1083 1
179 1621 1
180 1616 2
181 188 1
181 215 1
181 245 5
181 724 2
181 827 2
182 215 1
182 763 1
182 827 3
182 1209 2
183 241 0
183 611 2
183 794 2
183 838 2
183 885 3
183 889 3
184 249 2
184 250 1
184 545 0
184 1070 3
184 1744 2
185 242 4
185 244 2
185 854 2
185 1718 2
185 1722 2
186 209 3
186 210 3
186 253 3
187 211 1
187 408 3
187 429 4
187 457 3
187 494 3
187 1437 2
188 724 1
188 1655 3
189 197 3
189 198 3
189 213 2
189 1702 2
189 1734 3
190 194 0
190 1221 2
190 1301 1
191 194 1
191 218 4
192 217 4
192 829 2
193 227 3
194 220 0
194 1645 1
195 391 4
195 455 4
195 511 4
196 469 0
196 835 2
196 1224 3
196 1262 2
196 1756 1
197 198 2
197 213 1
197 1674 1
197 1763 2
198 361 1
198 681 4
198 859 2
198 883 2
199 239 6
199 511 3
200 234 3
200 255 1
200 1227 3
201 228 6
201 313 3
202 693 0
202 886 1
202 1278 4
203 253 1
203 407 3
203 683 5
203 1678 3
204 221 1
205 767 3
205 1590 4
206 697 3
206 704 3
206 722 1
206 1310 0
207 1048 2
207 1155 2
207 1157 2
208 215 3
208 827 4
209 855 2
211 236 2
212 524 4
212 1571 3
212 1776 2
213 283 3
213 705 2
213 1735 4
214 218 4
214 220 2
214 227 2
215 308 3
215 779 1
215 827 3
216 313 5
217 241 3
217 829 3
217 1749 3
218 220 3
218 227 2
219 1309 4
221 850 1
221 1277 2
222 236 3
222 408 2
223 1175 1
224 339 2
224 881 3
224 1064 3
225 250 3
225 254 5
225 1584 3
226 229 5
226 240 3
226 251 4
228 313 3
229 240 4
229 251 5
229 651 2
229 661 2
230 397 4
230 435 4
230 465 3
230 683 3
231 238 4
231 246 4
231 247 2
231 1183 3
231 1267 4
232 1119 0
232 1559 1
233 491 1
233 842 1
233 1684 1
233 1726 2
234 1227 2
234 1787 1
235 1046 3
235 1134 1
235 1432 3
235 1474 4
237 1623 3
237 1654 4
237 1720 3
237 1786 5
238 247 3
238 1267 3
239 391 2
239 511 3
240 248 2
241 829 2
241 871 1
241 1754 1
242 244 3
242 828 5
242 854 3
242 1500 4
242 1718 3
243 249 2
243 250 1
243 1328 1
244 828 3
244 1500 1
245 724 2
246 247 2
246 1183 3
246 1267 3
247 851 0
248 313 1
249 250 3
249 254 2
249 1070 2
249 1328 1
249 1795 3
250 254 3
250 1402 1
252 418 2
252 424 2
252 460 2
252 1167 2
252 1187 5
252 1277 0
252 1796 1
253 407 2
253 436 2
253 1337 1
253 1546 1
254 1584 3
254 1620 2
255 850 2
255 1796 3
256 297 0
256 510 3
256 1296 2
256 1328 2
257 287 2
257 647 2
257 667 1
258 347 3
258 862 2
259 269 3
259 311 2
259 370 1
259 594 5
260 866 2
260 1419 3
260 1429 0
260 1439 3
260 1499 2
260 1519 2
261 281 1
261 1128 3
261 1550 1
261 1560 3
262 289 2
262 939 3
262 974 4
262 1462 3
263 273 2
263 361 3
263 742 1
263 932 2
263 1006 2
263 1008 2
263 1442 2
264 318 1
264 863 3
264 1136 0
265 310 3
265 333 3
265 687 3
265 1027 2
265 1434 2
266 349 4
266 385 4
266 481 2
266 548 1
267 726 0
267 1452 0
267 1668 1
267 1740 3
268 278 2
268 313 1
268 337 2
268 342 3
269 311 3
269 314 2
269 332 2
269 908 2
269 928 1
269 1032 1
270 302 4
270 320 1
270 340 4
270 650 5
270 670 4
271 321 1
271 344 4
271 381 1
271 1550 3
271 1642 4
271 1652 2
272 377 1
272 812 4
272 823 3
272 879 1
272 1651 2
273 291 3
273 352 2
273 361 2
273 968 3
273 1008 3
273 1684 1
274 300 4
274 598 3
274 611 3
274 625 4
274 654 2
274 794 2
274 1210 3
275 285 2
275 384 5
275 700 2
275 776 2
275 1721 2
276 326 6
276 330 5
276 349 5
276 362 6
276 385 5
276 1634 5
276 1666 5
277 306 3
277 312 4
277 329 2
277 336 2
277 807 3
277 813 3
277 878 1
278 337 5
278 342 3
278 1679 1
279 334 2
279 341 3
279 372 2
280 360 2
280 1033 4
280 1111 2
280 1117 3
280 1499 3
280 1519 2
281 325 3
281 378 3
281 1568 2
282 289 2
282 331 2
282 626 2
282 911 3
282 1004 4
282 1076 2
282 1536 3
283 681 1
283 705 3
283 922 1
284 318 2
284 1711 1
285 384 2
285 1038 3
286 937 3
286 1283 3
286 1453 2
287 797 3
288 882 3
288 972 0
288 1357 4
288 1617 3
289 303 4
289 331 5
289 1004 2
289 1055 2
290 292 1
290 374 1
290 1163 2
290 1232 2
290 1487 1
291 323 1
291 352 2
291 990 1
292 1441 3
293 777 2
293 797 2
293 981 1
293 1194 1
293 1207 1
293 1230 0
294 1195 0
294 1231 2
294 1277 2
294 1286 4
295 297 2
295 380 2
295 631 1
297 371 2
297 380 3
298 354 2
298 368 2
298 1258 2
298 1388 1
298 1682 3
298 1692 2
299 658 4
299 824 1
299 857 3
299 1108 2
299 1761 1
300 598 3
300 611 2
300 804 2
300 1340 2
301 1423 4
301 1433 4
301 1443 3
301 1477 5
301 1528 4
302 317 3
302 340 4
302 650 4
302 707 3
302 710 3
303 331 4
303 1055 2
306 312 4
306 807 4
306 813 3
306 926 1
306 1464 0
306 1621 2
307 334 1
307 731 2
307 799 2
308 341 1
309 544 3
309 708 3
309 728 4
309 1400 3
310 333 2
310 998 3
310 1027 3
310 1424 3
310 1434 4
311 332 2
311 370 1
311 632 3
311 827 0
311 928 2
312 807 3
312 813 3
312 1436 3
314 332 2
314 373 4
314 1032 3
316 348 2
316 355 2
316 750 2
316 1475 0
317 706 3
317 707 3
317 710 2
317 730 2
317 1348 1
318 1468 1
319 320 2
319 710 2
319 1505 2
320 340 3
320 710 3
320 750 3
320 1439 0
320 1505 3
321 344 2
321 378 3
321 1269 0
321 1585 3
321 1662 3
322 323 2
322 363 4
322 653 1
322 912 2
322 1056 0
323 653 2
323 970 1
324 663 1
324 713 1
324 1095 2
324 1116 3
324 1223 1
325 378 5
326 330 5
326 349 5
326 362 6
326 385 5
326 1634 5
326 1666 5
327 1077 2
327 1121 0
327 1135 4
327 1228 5
327 1248 5
327 1251 4
327 1387 2
329 336 4
329 677 4
329 726 3
330 349 5
330 362 5
330 385 5
331 588 2
331 1055 3
332 341 1
332 373 3
332 632 3
332 1215 3
333 371 3
333 769 0
333 1029 3
334 341 1
334 372 6
334 831 1
334 1212 3
334 1273 3
335 572 4
335 807 3
336 677 4
336 726 2
336 878 2
336 1178 4
337 342 3
338 343 3
338 369 2
338 1047 1
338 1382 2
338 1502 0
339 751 1
339 753 2
339 990 2
339 1064 2
340 650 3
340 707 2
340 710 3
340 1505 2
341 760 1
341 762 2
343 369 4
343 784 3
344 378 1
344 1550 2
344 1642 3
345 712 4
345 742 4
345 1006 4
345 1442 3
346 710 2
346 860 0
346 1371 1
346 1505 2
347 1121 5
347 1200 3
348 355 4
348 790 2
348 866 4
348 1439 3
349 362 5
349 385 6
349 1634 4
350 1051 3
350 1077 2
350 1098 2
350 1113 3
350 1381 3
350 1614 3
351 871 2
351 1374 2
352 968 2
352 1192 1
352 1483 2
352 1522 0
353 509 4
354 1258 3
354 1269 1
354 1356 2
354 1412 2
354 1639 1
355 780 3
356 798 2
356 1238 3
357 1125 3
357 1152 3
357 1568 1
357 1608 2
358 825 1
359 974 2
359 1055 2
359 1770 1
360 991 2
360 1033 2
360 1371 1
360 1479 3
360 1499 2
361 673 0
361 883 1
361 1006 1
361 1008 2
362 385 5
362 1634 5
362 1666 5
364 737 2
364 857 3
364 1084 2
364 1565 2
365 1749 4
365 1754 2
366 1076 5
366 1190 4
367 898 1
367 901 2
367 1292 2
367 1329 2
368 1128 3
368 1149 3
368 1662 2
369 784 3
370 1233 2
370 1242 3
370 1273 1
371 655 3
371 687 2
371 979 3
371 1029 4
372 1212 3
372 1273 3
373 789 2
373 1032 3
373 1160 2
373 1215 1
374 1449 2
376 382 3
376 656 3
376 775 3
376 1613 3
377 782 0
377 792 4
377 802 3
377 897 3
377 1260 4
378 1585 3
378 1639 3
378 1662 2
379 1016 2
381 1149 3
381 1226 3
381 1388 3
382 656 5
382 666 3
382 676 4
382 686 3
382 766 3
382 772 3
383 1465 1
384 700 1
384 761 1
384 1721 2
385 1634 4
386 860 2
386 1218 3
386 1247 0
386 1291 1
386 1377 1
386 1461 1
387 423 2
387 1488 3
387 1494 2
387 1747 1
388 1417 2
388 1427 4
388 1437 1
388 1472 3
388 1486 3
388 1506 1
388 1523 4
389 960 0
391 455 3
391 484 1
391 511 5
392 412 1
392 419 0
392 433 2
392 489 1
393 453 3
393 842 2
394 404 6
394 439 6
394 499 5
394 505 4
395 463 3
395 514 2
395 1456 2
396 905 2
396 1699 0
396 1705 3
397 407 1
397 435 4
397 465 1
397 643 1
397 683 4
398 408 2
398 434 3
398 467 2
398 480 3
398 486 3
398 1753 0
399 437 3
399 444 3
399 462 3
399 1103 2
399 1566 2
400 432 3
400 449 3
400 450 3
400 470 4
400 1429 3
401 451 1
401 484 2
402 412 4
402 420 3
402 433 3
402 461 3
402 496 3
403 421 2
403 453 4
404 414 4
404 430 4
404 439 6
404 495 4
404 499 5
404 505 4
405 463 1
405 509 1
405 1316 1
405 1415 2
406 416 4
406 645 1
406 882 3
406 994 2
407 435 2
407 436 4
407 1040 2
407 1678 3
408 429 3
408 480 3
408 494 3
409 502 4
409 1783 3
410 966 2
410 993 2
411 451 3
411 455 4
411 487 4
411 498 2
411 715 4
411 734 4
412 420 3
412 433 4
412 461 3
412 496 4
412 1191 1
413 452 4
413 454 4
413 491 4
413 803 3
414 430 6
414 439 4
414 448 6
414 468 6
414 495 6
414 499 5
415 1545 2
416 418 1
416 645 2
416 806 3
416 882 2
416 994 2
417 1723 2
418 424 3
418 460 3
418 492 3
419 422 2
420 461 6
420 496 4
421 482 2
423 1740 3
424 460 5
424 492 4
425 427 2
425 510 1
425 514 2
425 516 3
425 769 3
425 1454 2
426 456 3
426 479 5
426 506 4
426 515 4
426 1677 2
426 1737 4
426 1741 1
427 463 2
427 516 4
427 924 2
427 946 2
428 487 3
428 508 0
428 688 3
429 477 2
429 494 4
429 1344 1
430 439 4
430 448 6
430 468 6
430 495 6
430 499 5
431 473 3
431 505 2
432 446 3
432 447 2
432 449 5
432 470 2
432 1429 2
433 507 4
434 467 3
434 486 3
434 1417 0
435 683 4
435 1040 3
436 1066 1
436 1678 4
437 444 2
437 462 2
437 1103 2
438 441 3
438 954 1
438 1670 3
439 495 4
439 499 5
439 505 4
440 817 1
440 998 3
440 1456 2
440 1492 4
440 1512 4
441 444 1
441 1363 1
442 465 1
442 643 1
442 926 1
442 958 1
442 1003 2
442 1100 1
442 1416 2
443 528 4
443 959 5
443 983 4
443 992 5
443 1009 5
444 1103 4
444 1363 3
444 1566 2
446 449 2
446 1659 1
447 449 2
447 450 3
447 470 4
448 468 6
448 495 6
449 1419 2
450 470 5
450 476 2
450 1419 2
451 484 3
451 487 3
451 734 3
452 454 4
452 491 4
452 842 3
452 1354 1
455 487 3
455 498 2
455 715 2
456 515 2
456 1028 2
456 1189 1
456 1447 1
456 1677 3
456 1737 4
457 477 1
457 480 2
457 494 2
457 1437 3
457 1506 3
459 547 2
459 725 2
459 773 1
460 492 4
461 496 4
461 1334 0
463 516 2
464 471 2
464 500 4
464 987 1
464 1670 3
465 1003 2
465 1366 2
465 1542 2
467 472 3
467 486 2
467 1159 2
468 495 6
468 499 5
469 523 3
469 583 3
469 612 4
469 621 4
469 1225 2
470 476 3
470 1475 1
471 502 1
471 834 3
471 1418 3
471 1428 2
471 1467 3
471 1784 2
473 505 5
474 497 3
474 508 3
474 671 1
475 1216 5
476 485 3
479 506 4
479 515 5
480 486 4
480 494 3
485 929 1
485 1439 2
485 1475 3
486 494 2
486 891 2
487 651 2
487 715 4
487 734 4
488 1688 3
488 1747 3
489 1191 1
489 1323 2
491 842 4
491 1346 2
491 1355 3
492 501 0
493 761 2
494 1344 1
495 499 5
496 879 1
496 1191 2
497 498 3
497 508 5
498 508 3
500 1032 1
501 556 1
501 723 3
501 769 1
502 1141 2
502 1467 3
502 1470 3
502 1491 2
502 1783 3
504 680 3
504 693 0
504 823 2
504 1035 1
504 1102 3
506 515 5
506 1760 4
507 652 0
509 510 0
509 914 1
512 902 4
513 643 1
513 773 2
513 813 1
513 1158 2
513 1464 1
513 1664 2
514 769 3
514 979 1
514 1456 2
515 850 3
515 1737 3
515 1760 5
516 946 1
516 979 1
516 1454 2
517 547 3
517 643 4
517 1664 2
518 610 3
518 953 3
518 973 4
518 983 3
518 992 2
518 995 5
518 1001 5
519 1144 4
519 1310 0
519 1345 2
520 562 4
520 576 3
520 580 3
520 620 4
521 604 5
521 614 2
521 638 4
521 641 4
521 744 4
521 1420 3
521 1440 1
522 634 3
522 1739 2
523 551 2
523 583 5
523 612 4
523 621 5
523 1262 3
524 1553 3
524 1571 5
525 555 3
525 639 3
525 646 3
525 1584 2
525 1620 1
526 536 1
526 556 3
526 609 4
526 622 3
526 1327 3
527 916 2
527 1436 2
528 538 2
528 907 1
528 959 3
528 992 3
529 539 2
529 630 2
529 873 0
530 540 4
530 606 4
530 608 5
530 615 2
530 620 3
531 585 5
531 638 4
531 641 3
531 1527 3
531 1653 4
532 550 3
532 591 3
532 637 3
533 582 2
533 584 2
533 1450 3
534 598 2
534 603 2
534 635 2
534 654 1
534 1202 1
534 1210 2
534 1695 3
535 545 4
535 555 2
535 557 3
535 613 4
535 644 3
535 646 3
536 586 2
536 609 2
537 547 3
538 559 3
538 573 4
538 597 2
539 592 2
539 1566 1
540 567 0
540 608 4
540 873 0
541 845 4
541 887 5
541 1430 5
541 1480 3
542 549 1
542 552 4
542 563 2
542 588 2
542 619 3
542 1518 2
543 612 3
543 1483 1
544 578 3
544 664 5
544 1185 3
544 1712 2
545 557 3
545 613 3
545 644 3
545 774 1
546 556 2
546 609 2
546 622 2
547 596 5
547 643 2
547 1664 2
549 1408 2
550 552 3
550 563 2
550 619 3
550 637 2
550 1525 1
551 582 3
551 583 3
551 599 3
551 623 3
551 1174 2
552 563 4
552 619 4
553 916 2
553 926 3
553 975 3
553 1060 2
553 1154 1
554 808 5
554 869 3
555 631 1
555 639 3
555 646 5
555 1638 1
556 609 5
556 622 4
557 570 5
557 593 5
557 613 5
557 640 5
557 644 6
558 581 2
558 614 3
558 617 2
558 1182 4
559 573 5
559 587 1
559 907 3
559 988 3
560 984 0
560 1382 2
560 1400 1
560 1720 1
561 603 4
561 635 5
561 765 3
561 1695 4
562 576 5
562 580 5
562 600 4
562 615 4
562 620 5
563 588 2
563 626 3
563 637 3
563 1421 2
564 587 3
564 597 4
564 602 4
564 607 3
566 1083 3
566 1106 3
566 1107 5
566 1318 1
566 1471 3
566 1621 1
567 568 5
567 571 0
567 574 4
567 630 3
567 633 4
568 574 5
568 630 3
568 633 4
569 1165 5
569 1219 3
569 1239 3
569 1244 1
569 1266 4
570 593 5
570 644 5
571 1015 3
571 1372 1
572 1360 1
572 1664 3
573 597 2
573 907 3
573 988 3
574 630 3
574 633 4
575 605 5
575 623 3
576 580 5
576 600 5
576 615 3
576 620 4
576 814 2
578 664 4
578 708 2
578 1185 4
578 1270 3
579 608 4
580 600 5
580 608 2
580 615 3
580 620 5
581 628 2
581 1513 3
581 1516 3
581 1585 1
582 584 3
582 599 4
583 612 4
583 621 4
583 623 3
584 599 3
584 1362 3
584 1450 2
585 1420 2
585 1527 3
585 1653 4
586 642 2
586 902 2
586 1393 0
586 1413 1
587 602 5
588 626 2
588 911 3
588 939 0
588 1004 2
589 1259 0
589 1298 1
590 1197 3
590 1250 4
590 1361 1
590 1393 1
591 637 4
592 630 0
593 613 4
593 640 4
593 644 5
596 618 3
597 602 4
597 607 5
597 610 2
598 625 2
598 1165 1
598 1202 2
598 1210 3
599 623 2
599 1362 3
600 814 2
602 610 3
603 635 4
603 765 3
603 1675 3
603 1695 5
604 617 4
604 638 4
604 641 5
604 744 5
604 1420 2
605 623 4
606 608 4
608 620 3
609 622 5
609 1327 2
610 995 3
611 794 4
611 889 2
611 1720 1
612 621 4
612 842 0
612 1262 2
613 640 6
613 644 5
613 646 2
614 617 4
614 641 2
614 1440 3
614 1513 2
614 1516 2
615 620 4
616 819 3
616 1041 2
616 1364 1
616 1710 4
617 641 4
617 744 5
619 1462 1
619 1518 2
621 1224 3
621 1225 3
621 1262 3
622 1097 0
622 1327 2
624 948 5
624 973 4
625 654 2
625 765 1
625 794 1
625 1210 4
625 1762 1
626 637 2
626 911 4
626 1421 3
626 1536 3
627 757 4
627 768 2
628 1585 2
629 1244 2
629 1374 2
629 1605 2
630 633 3
631 646 1
632 928 3
632 1215 3
632 1233 2
632 1595 1
635 765 4
635 1406 3
635 1695 3
636 786 4
636 945 2
636 1361 2
636 1677 2
637 1421 2
637 1673 2
638 641 4
638 744 3
638 1420 3
639 646 3
640 644 5
641 744 5
642 816 1
642 937 1
642 1195 3
642 1407 3
643 1664 3
645 806 3
645 846 1
645 1380 1
647 667 4
647 832 2
647 1704 3
648 740 2
648 754 0
648 1715 3
649 659 4
649 760 2
649 763 4
649 1601 3
649 1680 4
650 670 4
650 707 5
650 730 2
651 661 4
651 688 3
651 715 4
651 734 4
652 718 2
652 721 2
652 1693 2
652 1714 2
653 663 3
653 673 1
653 705 2
653 1093 3
653 1116 4
654 1210 3
655 675 4
655 687 1
655 774 3
655 924 1
655 944 3
655 1029 3
656 766 4
656 772 4
657 1188 5
657 1213 4
657 1230 4
657 1236 6
657 1284 5
658 668 5
658 1689 4
658 1761 2
659 698 4
659 724 2
659 763 4
659 1601 3
660 730 5
660 736 5
660 1386 4
661 715 4
661 734 4
662 672 5
662 1130 1
662 1229 4
663 673 3
663 705 2
663 729 2
664 1185 4
664 1270 5
666 678 4
666 686 4
666 716 3
666 752 5
666 766 5
666 772 3
667 1336 3
667 1704 5
668 1689 4
668 1761 2
669 893 4
669 1180 4
669 1209 4
669 1745 3
670 707 3
670 750 3
672 693 3
672 764 2
672 1229 4
673 713 2
673 729 4
673 742 1
674 690 3
674 691 3
674 733 2
675 723 2
675 774 4
675 944 2
675 1029 3
676 686 4
676 716 4
676 1555 3
677 726 2
677 1360 1
678 686 4
678 720 4
678 739 4
678 752 5
678 766 4
679 721 3
680 764 1
680 1102 4
680 1615 1
681 859 2
682 1229 4
683 1678 3
684 775 1
685 687 3
685 700 3
685 743 3
685 776 2
686 716 3
686 720 3
686 766 4
687 700 3
687 776 2
688 711 1
689 694 4
690 691 4
690 733 5
690 759 3
691 733 4
692 1492 0
693 756 3
693 764 2
693 1229 2
694 754 1
694 1031 2
694 1679 1
695 719 3
695 773 1
695 1337 2
695 1546 2
697 701 4
697 704 3
697 722 3
697 1208 1
697 1531 1
698 722 2
698 724 2
698 760 2
698 1745 2
699 708 2
699 728 5
699 741 5
699 755 5
699 1270 1
699 1400 3
699 1712 3
700 776 4
701 704 3
701 722 4
701 1539 0
703 727 4
703 788 1
703 798 2
703 847 1
706 709 3
706 730 5
706 1348 2
706 1386 4
707 709 1
707 730 3
708 728 3
708 741 2
708 1185 2
709 730 3
709 736 4
709 1075 0
709 1350 2
709 1386 3
710 1505 4
711 1152 1
712 742 4
712 932 3
712 985 2
712 1006 4
712 1036 3
713 1223 1
713 1637 2
714 1036 2
714 1482 2
715 734 5
716 739 4
716 766 2
716 772 4
716 1555 4
717 740 2
717 746 4
717 754 1
717 1084 1
717 1679 2
718 721 5
718 1148 3
718 1204 3
718 1313 4
719 773 2
719 1643 4
719 1704 2
720 739 5
720 1555 3
721 1204 2
722 762 2
725 1794 2
726 1336 1
726 1337 1
727 798 3
727 884 3
728 741 5
728 755 5
728 1400 4
728 1712 2
730 1386 4
731 799 4
731 831 4
731 852 4
731 1271 4
732 737 2
732 746 3
732 1084 3
732 1572 1
733 759 4
735 751 3
735 753 4
735 1093 1
735 1110 4
737 740 1
738 745 4
738 780 3
739 772 3
739 1555 4
740 1679 3
741 755 6
741 759 3
741 1400 3
742 1006 4
742 1036 4
742 1481 2
743 1306 1
743 1364 2
746 754 2
747 771 1
748 1336 3
748 1337 4
749 1173 3
749 1232 3
749 1359 3
749 1777 1
751 753 4
751 1110 3
751 1756 1
752 766 4
753 1110 3
754 862 1
754 884 1
755 759 3
755 1712 2
756 810 2
757 768 3
758 771 3
760 762 4
760 763 3
760 893 2
760 1209 2
761 805 3
761 1316 0
763 893 4
763 1209 3
763 1601 5
764 1229 2
764 1561 2
764 1657 1
765 1210 1
765 1406 4
767 1275 5
767 1590 3
769 979 2
769 1454 1
772 1555 3
776 1597 2
777 797 1
777 981 3
778 876 2
778 1214 3
778 1238 4
778 1335 3
778 1378 3
778 1635 3
779 1160 3
779 1212 3
779 1626 3
780 1671 3
781 874 3
781 898 3
782 812 4
782 823 0
782 894 2
782 1193 4
783 793 4
783 844 2
783 865 0
784 821 3
784 984 1
784 1502 1
785 873 2
785 906 1
786 925 2
786 945 4
786 1445 2
786 1677 2
786 1697 1
787 1083 2
787 1621 2
788 1373 1
789 1160 3
790 800 3
790 866 3
790 1505 1
790 1519 1
790 1771 1
791 845 1
791 888 2
791 1540 1
792 802 5
792 897 5
792 1183 3
792 1260 5
793 844 2
794 889 2
794 1252 3
798 876 3
798 1121 2
799 831 4
799 852 5
799 890 3
799 1212 1
799 1271 5
800 860 1
800 866 3
800 868 3
800 1461 1
801 845 4
801 887 5
801 1639 0
802 886 3
802 897 6
802 1183 4
802 1615 2
803 865 3
803 1346 4
803 1353 5
803 1354 4
804 820 2
804 838 1
804 871 2
806 846 3
807 813 3
807 926 1
807 1580 0
808 816 1
808 869 3
808 1361 1
809 848 3
810 1561 2
810 1579 3
811 843 4
811 1046 3
812 1193 3
813 1664 1
813 1698 0
815 998 3
815 1027 3
815 1434 4
815 1444 3
816 896 0
816 937 1
816 1793 2
817 830 4
817 891 1
817 899 4
817 1512 2
817 1530 4
817 1538 3
818 1245 3
818 1258 1
818 1268 1
818 1692 2
818 1792 2
819 1710 3
819 1748 2
819 1767 3
819 1775 2
820 829 2
820 871 5
820 1374 4
821 838 1
821 984 2
821 1305 0
821 1459 1
821 1477 1
821 1502 3
822 836 2
822 837 2
822 1000 2
822 1461 2
822 1507 3
823 851 2
823 879 1
824 1072 1
824 1715 1
824 1738 1
825 826 0
825 1259 0
827 1209 2
828 854 4
828 890 2
829 871 3
829 1374 2
829 1628 3
830 899 4
830 1469 3
830 1530 5
830 1538 4
830 1543 4
831 852 3
831 1212 2
831 1271 4
832 1194 2
832 1343 2
833 907 5
833 917 4
833 927 5
833 988 5
834 1418 3
834 1428 3
834 1467 3
834 1473 1
834 1532 2
834 1719 2
836 837 3
836 875 0
836 1347 1
837 1347 1
838 858 3
838 889 4
839 840 0
840 1751 2
841 1457 2
841 1484 4
841 1503 4
841 1526 3
841 1540 5
842 1355 2
844 1392 1
845 887 5
846 882 0
847 884 2
847 1031 0
847 1118 2
847 1200 1
847 1758 3
847 1791 1
848 851 2
849 1564 3
850 1325 1
850 1760 3
851 1145 0
852 854 1
852 890 4
852 1271 4
854 890 3
854 1626 1
854 1722 2
855 1324 3
855 1643 1
856 958 3
856 1542 5
857 1689 4
858 889 3
859 1684 2
859 1726 3
860 1256 2
860 1461 2
860 1645 0
861 1235 2
862 1072 1
862 1758 1
863 1175 2
863 1780 4
864 920 4
864 1172 4
864 1199 4
864 1268 1
864 1765 3
864 1789 3
865 1353 4
865 1354 4
866 868 2
866 1439 3
866 1519 3
867 1248 4
868 1479 1
868 1499 1
868 1505 0
868 1519 2
870 1077 4
870 1135 4
871 1374 4
872 1504 2
872 1511 3
872 1520 3
873 906 2
873 1272 2
874 898 2
875 1000 2
876 1121 4
876 1238 2
876 1358 4
877 898 2
877 901 3
877 1312 2
878 1366 3
878 1698 3
879 894 2
879 1191 3
880 1347 2
880 1640 2
881 1610 4
881 1630 3
881 1646 4
882 1357 3
883 912 3
883 922 3
883 961 2
884 1758 1
886 897 3
886 1615 2
887 1430 4
887 1503 3
888 1409 0
888 1792 2
889 984 1
891 899 2
891 904 4
893 1209 5
893 1601 3
894 1045 0
894 1191 3
895 1332 0
895 1349 1
895 1571 1
895 1776 1
896 902 2
896 905 2
897 1183 4
897 1615 2
899 904 3
899 1530 4
899 1538 4
899 1543 3
900 1782 0
901 1222 4
901 1292 3
901 1352 2
905 1283 3
905 1435 4
907 917 4
907 927 5
907 988 5
908 1170 3
909 962 2
909 965 2
909 991 5
909 1476 2
910 920 3
910 1012 3
910 1199 3
912 961 4
912 970 2
912 985 3
913 996 2
913 1010 2
913 1020 1
914 934 2
914 944 2
915 935 3
915 972 4
915 976 5
915 1177 1
916 926 5
917 927 5
917 988 5
917 1009 1
918 1428 3
918 1500 3
918 1718 3
918 1722 2
918 1725 2
919 963 3
920 1012 2
920 1172 4
920 1199 6
920 1755 3
921 941 2
921 977 1
921 1518 2
921 1788 0
922 932 0
922 961 3
922 1482 2
923 949 3
923 955 4
924 934 4
924 944 3
924 946 2
924 956 2
924 1016 4
925 935 2
925 945 1
925 994 1
925 1007 4
925 1028 3
925 1677 2
926 942 2
926 1416 2
927 988 6
928 954 1
928 1170 3
928 1595 2
929 951 2
929 1311 2
929 1429 2
929 1475 3
929 1478 2
930 967 4
930 971 4
930 999 4
930 1013 1
930 1768 0
931 941 4
931 1019 3
931 1525 3
932 985 2
932 1164 3
932 1442 3
933 964 2
933 996 2
933 1010 4
933 1020 0
933 1443 1
933 1524 2
934 944 5
934 1016 5
935 972 3
935 976 3
935 1028 2
936 1040 1
936 1100 2
936 1158 1
937 1021 3
937 1283 2
938 941 4
938 977 1
938 1011 3
938 1019 4
938 1525 4
939 974 4
939 977 2
939 1451 0
939 1462 4
939 1518 3
940 968 1
940 969 5
940 970 2
940 985 2
940 1056 3
941 1011 3
941 1019 5
941 1525 4
942 975 5
942 1003 4
942 1416 4
943 994 2
943 1167 1
944 956 2
944 1029 3
945 976 2
945 1445 3
945 1485 3
945 1697 1
946 1456 1
947 1013 1
947 1139 2
947 1732 1
948 973 5
948 995 4
948 1001 4
949 955 5
949 996 2
949 1014 3
949 1020 1
949 1047 2
949 1122 2
950 964 1
953 959 5
953 973 2
953 983 4
953 992 5
953 1009 3
954 987 2
954 1112 3
954 1595 5
955 964 2
955 996 3
956 1016 2
956 1027 2
956 1029 1
956 1424 2
956 1444 2
957 978 5
957 980 4
957 1017 4
957 1052 4
957 1403 5
958 1416 3
958 1464 3
958 1465 3
958 1495 3
958 1542 3
959 983 5
959 992 6
959 1009 4
960 980 3
960 1015 3
960 1017 3
960 1112 0
960 1372 3
961 970 2
961 985 2
961 1482 1
962 991 1
962 1000 1
962 1476 3
962 1499 2
962 1519 2
964 996 4
964 1010 2
965 986 2
965 991 2
965 993 2
966 1005 2
967 971 3
967 999 5
968 1450 2
969 1056 3
969 1134 1
970 985 4
971 999 3
971 1012 1
971 1013 1
972 976 5
972 994 2
973 995 4
973 1001 5
974 977 2
974 1011 3
974 1462 4
974 1518 3
975 1003 3
975 1416 4
977 1431 2
977 1448 2
977 1462 3
978 980 4
978 1052 4
978 1085 3
978 1403 5
979 1029 3
980 1017 4
980 1052 4
980 1085 3
980 1372 4
983 992 5
983 995 2
983 1009 4
984 1477 2
985 1006 1
986 993 3
987 1438 2
987 1670 1
987 1719 2
988 1009 1
989 1302 5
989 1312 5
990 1064 1
990 1094 1
990 1184 3
990 1522 2
991 1043 2
992 1009 4
993 1005 2
995 1001 5
996 1010 3
998 1424 3
998 1434 4
998 1492 2
999 1071 1
1002 1736 2
1004 1076 2
1004 1536 4
1006 1481 3
1007 1028 3
1008 1481 1
1008 1498 2
1008 1504 1
1008 1684 2
1011 1019 3
1012 1199 2
1012 1732 1
1013 1034 2
1013 1044 3
1013 1054 2
1013 1071 3
1014 1020 3
1014 1037 2
1014 1047 4
1014 1122 2
1014 1459 1
1017 1144 3
1017 1372 4
1017 1403 3
1018 1141 4
1018 1529 3
1018 1783 3
1019 1525 4
1020 1459 2
1021 1357 0
1022 1293 3
1022 1448 4
1023 1044 5
1023 1071 4
1024 1034 4
1024 1092 6
1024 1115 5
1024 1125 4
1024 1139 4
1025 1120 1
1027 1424 4
1027 1434 5
1027 1444 6
1028 1197 1
1028 1677 3
1030 1129 2
1030 1168 4
1030 1366 5
1030 1698 4
1031 1753 2
1031 1767 3
1031 1775 2
1032 1160 1
1033 1043 3
1033 1111 4
1033 1117 4
1033 1126 3
1034 1044 4
1034 1054 5
1034 1092 4
1034 1115 5
1034 1139 5
1035 1062 3
1035 1065 5
1035 1102 1
1035 1145 4
1035 1569 2
1037 1057 1
1037 1140 1
1037 1146 1
1038 1142 3
1040 1678 2
1041 1200 1
1041 1715 2
1041 1761 1
1041 1767 1
1041 1775 1
1042 1143 3
1042 1548 2
1043 1111 2
1043 1126 3
1043 1514 1
1044 1054 4
1044 1071 5
1044 1115 3
1044 1139 3
1045 1063 1
1046 1422 4
1046 1432 5
1046 1498 3
1046 1504 3
1047 1122 4
1048 1081 4
1048 1124 0
1048 1254 2
1048 1287 2
1048 1384 3
1049 1067 3
1049 1097 5
1049 1120 3
1049 1153 3
1050 1288 1
1051 1077 2
1051 1098 5
1051 1113 4
1051 1238 3
1051 1335 2
1051 1635 3
1052 1085 4
1052 1372 2
1052 1403 4
1052 1404 2
1053 1075 2
1053 1091 2
1053 1126 0
1053 1333 2
1054 1092 3
1054 1115 4
1054 1139 4
1055 1701 3
1056 1184 0
1057 1080 2
1057 1122 1
1058 1104 3
1058 1124 2
1058 1157 2
1059 1067 2
1059 1097 2
1059 1120 2
1060 1100 2
1061 1069 4
1062 1065 3
1062 1130 0
1062 1145 2
1063 1644 2
1063 1660 2
1064 1304 2
1066 1308 1
1066 1446 1
1066 1517 2
1067 1097 3
1067 1120 4
1068 1104 4
1069 1231 3
1069 1286 4
1072 1118 3
1072 1738 5
1072 1758 3
1072 1767 1
1072 1775 2
1073 1080 2
1073 1146 1
1074 1122 3
1075 1088 3
1075 1091 3
1075 1171 2
1075 1301 2
1076 1190 4
1076 1323 1
1076 1536 2
1077 1135 3
1077 1248 2
1078 1079 5
1080 1089 2
1080 1146 4
1081 1384 3
1082 1085 3
1082 1105 2
1082 1403 2
1082 1404 3
1082 1531 2
1082 1656 2
1083 1106 3
1083 1471 1
1083 1621 4
1084 1565 1
1085 1372 2
1085 1403 4
1085 1531 2
1087 1091 3
1087 1126 1
1087 1161 1
1087 1350 2
1088 1091 1
1088 1171 3
1088 1221 3
1088 1301 2
1089 1114 5
1089 1146 3
1090 1161 1
1090 1351 3
1091 1350 2
1091 1391 0
1092 1115 5
1092 1125 4
1092 1139 4
1093 1116 2
1094 1123 1
1094 1184 3
1094 1223 4
1094 1246 3
1094 1253 3
1094 1383 2
1095 1116 2
1095 1192 1
1095 1225 0
1097 1120 3
1097 1133 0
1097 1153 3
1098 1113 5
1098 1238 4
1098 1635 4
1099 1137 2
1099 1148 2
1099 1701 2
1100 1129 1
1101 1721 2
1102 1551 1
1103 1363 4
1104 1124 3
1104 1157 2
1105 1310 2
1105 1338 5
1105 1339 3
1105 1345 4
1105 1404 1
1105 1656 4
1106 1107 3
1107 1471 3
1108 1135 4
1108 1228 5
1108 1251 4
1109 1140 2
1110 1756 3
1111 1117 3
1111 1126 3
1112 1141 2
1112 1529 2
1112 1595 2
1113 1381 4
1115 1125 3
1115 1139 5
1117 1126 3
1117 1181 2
1118 1738 3
1118 1758 4
1121 1200 3
1121 1358 2
1123 1134 1
1123 1223 3
1124 1157 3
1125 1152 5
1126 1181 3
1127 1251 3
1127 1395 2
1128 1149 2
1128 1560 4
1128 1662 3
1129 1360 1
1132 1733 3
1132 1750 3
1133 1156 1
1135 1228 5
1135 1248 4
1135 1251 5
1137 1148 2
1137 1163 1
1137 1785 0
1138 1226 2
1138 1269 3
1138 1279 1
1138 1732 3
1141 1470 3
1141 1493 3
1141 1529 4
1142 1721 2
1143 1548 3
1144 1345 2
1144 1372 3
1144 1404 2
1145 1569 2
1148 1313 3
1149 1162 1
1149 1226 3
1149 1269 2
1151 1676 1
1155 1157 4
1159 1169 4
1159 1205 4
1159 1368 4
1160 1212 1
1160 1626 2
1161 1311 1
1161 1391 0
1162 1388 2
1162 1560 1
1162 1585 1
1162 1662 2
1163 1173 2
1163 1204 1
1163 1232 2
1163 1359 2
1163 1490 1
1164 1442 4
1165 1202 3
1165 1219 4
1165 1239 4
1165 1266 4
1165 1369 3
1167 1187 3
1168 1237 1
1168 1366 4
1169 1344 2
1169 1368 5
1170 1233 3
1171 1221 1
1172 1199 4
1172 1755 3
1172 1765 2
1172 1789 4
1173 1777 1
1174 1763 2
1175 1305 2
1175 1340 1
1175 1780 2
1176 1186 1
1176 1280 2
1176 1411 2
1179 1243 2
1179 1265 1
1179 1299 2
1180 1274 0
1180 1745 3
1181 1217 3
1182 1282 0
1184 1223 2
1184 1253 2
1184 1522 2
1185 1270 3
1186 1280 2
1186 1285 2
1186 1316 2
1186 1415 1
1188 1213 5
1188 1230 4
1188 1236 5
1188 1237 4
1189 1195 1
1189 1197 4
1189 1250 3
1189 1317 3
1189 1687 1
1190 1232 0
1192 1264 1
1192 1483 1
1194 1207 3
1195 1317 2
1195 1407 3
1196 1234 1
1197 1250 5
1197 1317 2
1197 1327 3
1199 1755 3
1199 1789 2
1200 1758 1
1201 1239 4
1201 1295 2
1201 1623 2
1202 1239 2
1202 1369 5
1202 1675 3
1203 1603 4
1203 1604 4
1203 1713 5
1204 1313 2
1204 1359 3
1204 1362 0
1204 1405 2
1205 1243 1
1205 1299 2
1205 1368 3
1206 1207 3
1208 1215 2
1208 1235 2
1208 1274 1
1208 1531 2
1209 1745 2
1210 1252 2
1212 1273 4
1213 1236 4
1213 1237 5
1214 1330 3
1214 1378 2
1214 1622 2
1214 1627 3
1215 1274 2
1216 1346 4
1216 1353 3
1216 1354 4
1217 1221 2
1217 1301 3
1218 1377 3
1218 1757 4
1219 1266 2
1221 1301 3
1223 1246 3
1223 1253 3
1224 1225 5
1224 1262 4
1224 1355 1
1226 1269 3
1228 1248 5
1228 1251 5
1230 1236 4
1231 1263 2
1231 1277 4
1232 1313 2
1232 1359 4
1233 1242 2
1233 1274 1
1234 1254 1
1234 1721 2
1235 1656 0
1236 1237 3
1236 1284 5
1238 1335 3
1238 1635 4
1239 1266 4
1239 1295 1
1239 1369 2
1240 1246 2
1240 1522 2
1241 1247 1
1241 1261 6
1241 1377 2
1241 1625 2
1242 1273 2
1242 1274 2
1243 1299 3
1244 1295 3
1245 1255 2
1245 1388 2
1245 1692 3
1245 1792 3
1246 1253 5
1246 1264 3
1247 1631 3
1247 1645 2
1248 1251 4
1248 1387 2
1249 1391 2
1250 1317 2
1250 1327 3
1250 1393 1
1252 1406 2
1253 1264 4
1254 1287 2
1254 1384 3
1254 1415 2
1254 1607 1
1255 1279 1
1255 1388 3
1255 1457 2
1255 1792 3
1257 1565 3
1258 1356 2
1258 1639 1
1258 1682 3
1262 1355 1
1263 1277 2
1263 1687 2
1263 1707 3
1264 1322 1
1266 1571 0
1268 1356 4
1268 1375 4
1268 1412 4
1268 1765 4
1270 1712 2
1277 1687 2
1279 1399 2
1279 1409 3
1279 1692 1
1281 1287 2
1282 1568 0
1283 1435 3
1283 1447 0
1283 1453 3
1283 1508 2
1285 1287 2
1285 1326 2
1285 1402 3
1287 1384 2
1289 1417 4
1289 1501 5
1290 1310 4
1290 1338 4
1292 1302 5
1292 1312 4
1292 1329 4
1292 1352 5
1292 1385 5
1293 1405 1
1293 1431 3
1293 1448 4
1293 1449 3
1294 1304 3
1294 1322 2
1294 1376 2
1294 1602 2
1294 1611 2
1294 1624 3
1295 1588 4
1295 1623 2
1295 1636 4
1296 1306 3
1296 1328 3
1296 1341 4
1296 1410 4
1298 1389 2
1300 1342 1
1301 1479 0
1302 1312 5
1302 1329 4
1302 1352 4
1302 1385 4
1303 1536 1
1304 1322 2
1304 1383 1
1305 1315 2
1305 1331 2
1305 1340 2
1305 1497 2
1305 1762 1
1306 1341 5
1306 1411 5
1307 1317 2
1307 1361 1
1308 1389 2
1308 1580 3
1310 1338 3
1312 1352 4
1312 1385 4
1313 1321 2
1313 1334 2
1313 1359 3
1314 1322 3
1314 1376 4
1315 1332 2
1315 1340 4
1316 1326 0
1316 1415 3
1316 1597 2
1317 1407 2
1318 1471 4
1318 1494 5
1319 1325 2
1319 1393 2
1319 1407 1
1319 1535 2
1320 1321 3
1320 1334 4
1321 1334 3
1321 1359 1
1322 1376 4
1323 1397 0
1323 1408 3
1324 1414 2
1324 1592 3
1326 1328 0
1326 1402 2
1328 1410 2
1329 1352 3
1329 1385 3
1330 1395 3
1330 1591 3
1330 1622 4
1330 1635 3
1331 1497 5
1331 1502 3
1331 1510 4
1332 1406 2
1333 1351 1
1333 1371 3
1333 1391 1
1334 1490 3
1335 1358 4
1335 1586 2
1335 1635 3
1335 1641 3
1336 1337 4
1336 1546 2
1336 1704 3
1337 1389 1
1337 1546 3
1338 1339 3
1338 1345 3
1338 1656 4
1339 1342 2
1339 1345 3
1339 1365 2
1339 1401 3
1341 1410 3
1341 1411 5
1341 1597 3
1342 1365 3
1342 1598 3
1342 1619 3
1344 1368 2
1344 1437 3
1344 1506 2
1345 1656 2
1346 1353 5
1346 1354 4
1346 1355 3
1347 1377 0
1347 1640 2
1347 1645 2
1348 1386 1
1349 1776 2
1350 1351 3
1351 1386 1
1352 1385 6
1352 1779 1
1353 1354 5
1353 1355 2
1356 1375 6
1356 1412 6
1356 1682 3
1356 1765 3
1357 1617 2
1359 1405 3
1360 1664 1
1361 1687 1
1362 1490 0
1363 1466 0
1363 1531 1
1365 1558 2
1365 1594 5
1365 1598 4
1365 1619 3
1366 1542 2
1366 1698 4
1370 1383 4
1370 1611 1
1371 1391 2
1371 1461 0
1371 1479 1
1375 1412 6
1377 1567 2
1378 1586 4
1378 1641 4
1378 1649 4
1379 1476 1
1382 1400 1
1384 1402 1
1384 1415 1
1387 1395 3
1387 1591 2
1387 1614 1
1387 1622 3
1389 1556 4
1389 1580 2
1390 1618 2
1393 1407 2
1393 1425 1
1395 1591 4
1395 1622 4
1396 1654 3
1398 1399 5
1398 1409 3
1399 1409 4
1401 1404 1
1409 1768 1
1411 1597 3
1412 1682 3
1412 1765 3
1414 1556 2
1414 1592 2
1415 1597 1
1417 1427 3
1417 1501 4
1417 1523 3
1418 1438 3
1418 1467 5
1418 1491 4
1418 1719 4
1419 1439 1
1421 1449 1
1421 1451 1
1421 1536 1
1421 1770 3
1422 1432 4
1422 1442 1
1422 1498 3
1422 1504 4
1422 1520 2
1422 1774 1
1423 1433 5
1423 1443 5
1423 1477 3
1423 1510 1
1423 1528 6
1423 1534 5
1424 1434 4
1424 1444 4
1424 1456 0
1425 1445 1
1425 1453 2
1425 1508 2
1425 1521 1
1426 1446 3
1426 1668 4
1427 1472 4
1427 1486 4
1427 1501 5
1427 1509 3
1427 1523 5
1428 1725 4
1429 1475 4
1429 1478 4
1430 1480 4
1430 1503 4
1430 1526 3
1430 1537 4
1431 1448 5
1431 1449 4
1431 1451 4
1431 1487 4
1432 1442 1
1432 1498 4
1432 1504 4
1433 1443 4
1433 1468 4
1433 1528 5
1433 1534 4
1434 1444 5
1435 1453 2
1435 1455 2
1435 1508 2
1435 1705 3
1437 1506 5
1438 1491 4
1438 1493 1
1438 1719 4
1438 1783 1
1440 1484 3
1440 1513 5
1440 1516 5
1440 1526 3
1440 1537 3
1443 1477 2
1443 1510 1
1443 1534 4
1445 1447 0
1445 1485 4
1445 1521 4
1446 1452 4
1446 1517 4
1447 1455 1
1447 1535 2
1447 1737 2
1447 1741 1
1448 1449 3
1448 1451 3
1449 1451 4
1449 1487 3
1451 1487 3
1451 1533 2
1452 1464 2
1452 1465 3
1452 1517 4
1452 1678 0
1453 1508 5
1453 1544 4
1453 1707 2
1454 1456 1
1454 1545 1
1455 1485 1
1455 1489 3
1456 1512 2
1457 1540 2
1457 1792 1
1458 1463 3
1458 1506 2
1458 1509 3
1458 1515 3
1459 1497 2
1459 1502 2
1459 1510 4
1460 1524 3
1461 1507 5
1461 1514 2
1462 1518 4
1463 1496 4
1463 1509 4
1463 1515 5
1464 1465 4
1464 1495 3
1464 1542 2
1465 1495 4
1465 1517 3
1466 1529 2
1466 1781 3
1467 1470 2
1467 1491 4
1467 1719 4
1470 1473 3
1470 1491 3
1470 1493 4
1470 1532 4
1471 1494 3
1472 1486 6
1472 1496 4
1472 1509 4
1472 1515 3
1472 1523 4
1473 1493 3
1473 1532 5
1473 1781 3
1474 1498 4
1475 1478 3
1476 1514 0
1477 1528 3
1478 1479 1
1480 1537 5
1483 1774 0
1484 1503 4
1484 1516 3
1484 1526 5
1484 1537 4
1484 1540 3
1485 1489 3
1485 1521 4
1486 1496 4
1486 1509 4
1486 1515 3
1486 1523 4
1488 1494 3
1489 1521 4
1490 1533 1
1491 1493 2
1491 1719 4
1492 1512 4
1492 1530 1
1493 1529 3
1493 1532 3
1495 1517 2
1495 1542 3
1496 1515 5
1496 1523 2
1497 1510 3
1498 1504 4
1498 1684 2
1499 1519 4
1500 1718 3
1500 1722 3
1501 1523 5
1502 1510 3
1503 1526 4
1503 1537 3
1503 1540 3
1504 1520 2
1507 1514 2
1508 1544 4
1508 1699 0
1508 1707 3
1509 1515 4
1511 1520 5
1511 1522 1
1511 1774 2
1512 1530 3
1512 1543 1
1513 1516 6
1516 1526 3
1516 1537 3
1520 1522 1
1520 1774 2
1524 1534 4
1526 1537 5
1527 1608 1
1527 1653 4
1528 1534 5
1530 1538 4
1530 1543 4
1538 1539 1
1538 1543 3
1538 1545 2
1539 1545 3
1541 1544 5
1546 1556 2
1546 1564 1
1546 1704 2
1549 1631 3
1549 1640 3
1550 1560 2
1550 1608 1
1550 1642 3
1550 1652 4
1551 1579 3
1551 1615 3
1551 1657 2
1553 1571 3
1556 1580 1
1557 1565 3
1557 1600 3
1558 1566 2
1558 1619 4
1560 1652 4
1560 1662 2
1561 1579 4
1561 1657 4
1562 1602 4
1563 1573 4
1563 1575 4
1565 1600 2
1567 1625 3
1567 1757 2
1568 1608 3
1568 1653 1
1569 1660 2
1570 1646 3
1570 1772 2
1573 1575 3
1576 1583 3
1576 1663 2
1577 1590 2
1579 1615 2
1579 1657 3
1581 1666 3
1583 1634 0
1583 1663 1
1584 1620 2
1584 1638 1
1585 1639 3
1585 1662 3
1586 1632 5
1586 1641 5
1586 1649 6
1588 1605 4
1588 1636 4
1589 1603 3
1589 1604 4
1589 1606 1
1589 1607 1
1591 1622 4
1592 1616 5
1594 1598 4
1595 1670 2
1598 1619 5
1599 1616 3
1599 1769 2
1602 1611 3
1602 1624 3
1602 1630 2
1603 1604 4
1603 1607 2
1603 1681 1
1604 1606 1
1605 1628 1
1605 1636 2
1606 1731 0
1608 1653 2
1609 1610 2
1609 1611 1
1609 1630 3
1609 1637 2
1610 1630 3
1610 1646 5
1611 1624 3
1611 1637 1
1612 1629 4
1612 1661 3
1614 1622 2
1617 1697 2
1620 1667 0
1622 1635 1
1623 1654 2
1625 1640 1
1626 1722 1
1627 1632 3
1629 1661 3
1631 1645 3
1632 1641 4
1632 1649 5
1633 1659 3
1634 1666 4
1638 1665 1
1640 1645 1
1641 1649 5
1642 1652 2
1644 1657 2
1644 1660 5
1654 1786 3
1657 1660 1
1665 1667 1
1669 1710 3
1671 1766 0
1673 1683 2
1673 1714 2
1673 1770 3
1673 1777 2
1674 1694 3
1674 1702 1
1674 1750 2
1675 1695 4
1676 1696 3
1677 1737 2
1679 1715 1
1679 1761 1
1679 1767 0
1680 1690 0
1681 1691 2
1681 1727 2
1681 1731 3
1681 1751 2
1681 1766 1
1682 1692 1
1683 1693 4
1683 1700 1
1683 1701 1
1683 1714 4
1683 1742 3
1683 1777 2
1684 1726 2
1686 1708 1
1687 1741 2
1688 1747 5
1690 1743 3
1690 1745 1
1690 1752 4
1691 1766 3
1693 1714 6
1693 1742 4
1693 1785 3
1694 1702 3
1694 1726 2
1694 1734 2
1694 1750 2
1696 1744 3
1696 1782 3
1697 1699 1
1699 1741 1
1699 1793 2
1702 1734 5
1705 1787 2
1706 1797 1
1710 1761 3
1713 1731 2
1714 1742 4
1714 1777 2
1714 1785 3
1715 1761 2
1716 1740 4
1718 1722 3
1720 1786 3
1725 1784 1
1726 1774 1
1727 1728 3
1727 1731 3
1727 1751 4
1728 1731 5
1731 1751 2
1734 1774 1
1736 1755 4
1736 1778 2
1737 1760 3
1740 1747 2
1742 1785 3
1743 1752 4
1744 1782 4
1745 1752 2
1748 1767 4
1748 1775 4
1749 1754 3
1749 1786 1
1755 1778 2
1758 1775 1
1760 1793 0
1764 1790 1
1764 1791 2
1764 1795 2
1765 1789 2
1767 1775 5
1777 1788 0
1779 1789 3
1782 1797 1
1789 1792 1
1790 1791 2
