1 465 2
1 856 5
1 878 6
1 1030 6
1 1168 4
1 1366 6
1 1542 5
1 1698 5
2 94 3
3 51 7
3 52 5
3 55 4
3 58 5
3 116 6
3 117 3
3 503 5
4 260 3
4 476 1
4 866 4
4 1499 5
4 1671 2
5 101 5
5 1736 3
5 1778 4
6 74 5
6 204 3
7 27 6
7 59 3
7 67 5
7 83 7
7 89 4
7 835 1
7 1132 4
7 1750 5
7 1772 4
8 1136 5
8 1202 3
8 1276 3
9 29 1
9 1706 4
11 257 3
11 287 5
11 335 5
11 572 5
12 22 1
12 43 6
12 91 6
12 108 5
12 201 5
12 222 2
12 228 5
12 477 4
13 389 1
13 399 3
13 462 3
13 574 1
14 63 1
14 64 3
14 346 2
14 1088 1
14 1625 4
14 1640 2
14 1757 2
15 42 5
15 910 2
15 1012 1
15 1457 2
16 118 1
16 782 3
16 1035 3
16 1145 4
16 1193 3
16 1569 3
16 1644 3
17 224 3
17 1064 7
17 1304 4
18 62 5
18 109 3
18 338 4
18 1382 5
19 123 2
19 128 0
19 1254 3
19 1415 3
20 30 5
20 32 5
21 56 3
21 180 4
21 849 2
22 81 4
22 187 4
22 408 5
22 429 5
22 457 5
22 477 4
22 480 3
22 494 5
23 259 0
23 389 2
23 464 2
23 908 2
23 1170 3
23 1548 4
24 154 5
24 193 3
24 227 4
24 232 5
24 1220 3
24 1241 3
25 98 4
25 101 5
25 474 5
25 497 3
25 508 3
25 1768 4
25 1778 3
26 110 2
26 238 2
26 247 1
26 662 6
26 672 7
26 682 8
26 1229 5
27 67 5
27 83 7
27 1132 5
27 1733 3
27 1750 6
27 1756 4
27 1772 3
28 44 3
29 41 4
29 405 2
30 32 3
30 74 3
30 106 4
31 1206 3
31 1207 3
31 1343 3
32 120 4
32 162 3
32 1177 4
33 72 5
33 366 2
33 549 3
33 1045 2
33 1076 3
33 1323 4
33 1408 6
33 1703 4
34 36 7
34 47 3
34 121 2
34 402 2
35 224 4
35 339 3
35 881 5
35 1064 4
35 1610 4
35 1630 4
36 47 3
36 72 2
36 121 2
36 402 2
37 161 3
37 417 3
37 832 1
37 855 4
37 1324 1
38 478 0
38 952 1
38 1067 1
38 1120 2
39 97 4
39 128 4
39 1176 3
39 1198 3
39 1572 3
40 93 2
40 396 2
40 1447 3
40 1455 2
41 169 2
41 184 1
41 405 2
41 1070 3
41 1287 1
41 1326 3
41 1402 3
42 125 5
42 271 3
42 381 5
42 1162 2
42 1255 4
42 1388 4
42 1457 2
42 1642 3
43 48 3
43 57 3
43 86 3
43 91 8
43 108 5
43 201 5
43 228 4
43 477 4
44 53 3
44 109 0
45 1202 6
45 1369 5
45 1675 5
45 1695 4
46 61 3
46 63 2
46 1090 1
47 121 3
48 57 6
48 71 6
48 91 3
48 467 3
48 477 3
48 1159 5
48 1169 6
48 1368 5
49 305 5
49 1580 3
50 1154 0
50 1426 3
51 52 5
51 55 4
51 58 5
51 116 6
51 117 4
51 503 6
52 55 6
52 58 6
52 76 7
52 78 4
52 116 6
52 503 4
53 174 2
53 1685 4
53 1712 4
54 1667 2
55 58 5
55 76 6
55 78 4
55 116 5
56 127 3
56 180 4
56 186 4
56 209 5
56 855 2
57 71 4
57 81 4
57 91 3
57 477 4
57 1159 4
57 1169 6
57 1344 2
58 76 7
58 116 6
58 342 1
58 503 4
59 67 4
59 83 4
59 469 1
59 1674 2
59 1750 4
59 1756 3
60 64 1
60 176 2
60 1377 3
60 1549 4
60 1567 4
60 1631 3
60 1757 2
61 63 4
61 90 4
61 144 2
61 194 3
61 868 1
61 1631 4
61 1645 4
62 109 4
62 343 2
62 1685 2
63 64 2
63 90 4
63 144 5
63 190 2
63 220 1
63 1631 2
64 92 4
64 99 4
64 214 2
64 220 3
64 1625 3
64 1640 2
65 98 3
65 101 3
65 1245 5
65 1279 3
66 196 3
66 291 1
66 990 3
66 1184 2
66 1224 4
66 1225 4
66 1262 3
66 1522 2
67 83 6
67 89 3
67 157 2
67 1750 4
67 1756 5
68 213 5
68 283 4
68 705 6
68 1093 4
68 1735 5
69 111 5
69 112 6
70 1211 0
70 1583 0
70 1612 5
70 1629 5
70 1661 4
71 434 4
71 467 4
71 1159 6
71 1169 6
71 1205 5
71 1368 7
72 1323 5
72 1408 6
72 1703 6
73 127 6
73 186 6
74 150 4
74 234 5
75 121 1
75 1321 3
75 1766 4
76 78 5
76 116 6
77 115 3
77 1176 3
77 1186 3
77 1296 4
77 1306 6
77 1341 6
77 1410 3
77 1411 6
77 1597 3
80 179 5
80 203 5
80 230 5
80 397 4
80 435 6
80 683 6
80 1040 3
80 1668 2
80 1678 4
81 477 5
81 1159 3
81 1169 4
82 113 3
82 603 4
82 625 4
82 654 4
82 765 3
82 794 3
82 1675 4
82 1695 3
83 89 3
83 1132 4
83 1750 5
83 1756 5
83 1772 4
84 90 3
84 154 3
84 191 5
84 214 3
84 218 5
84 220 4
85 133 2
85 185 3
85 244 3
85 1032 4
86 91 3
86 94 2
86 1159 3
87 109 0
87 759 4
88 122 2
88 1243 2
89 157 3
89 196 1
89 224 1
89 835 2
89 1610 1
89 1772 5
90 99 5
90 144 5
90 190 4
90 214 3
90 1247 1
90 1631 4
91 108 5
91 201 5
91 228 4
91 477 4
92 99 4
92 220 4
92 1241 3
92 1261 4
92 1625 3
93 396 3
93 1787 3
94 472 2
94 1299 4
95 113 1
95 338 4
95 343 3
95 369 3
95 889 1
95 984 1
95 1037 1
95 1074 1
95 1382 3
96 105 2
96 107 3
96 668 1
96 1132 3
96 1669 2
97 1176 3
97 1198 2
97 1280 4
98 101 3
98 498 1
98 508 2
98 1245 3
98 1768 4
99 144 4
99 214 4
101 474 3
101 1245 2
101 1778 4
102 210 3
103 110 2
103 177 1
103 366 2
103 1130 4
103 1313 2
103 1320 3
103 1321 3
103 1397 1
103 1700 1
104 1203 4
104 1589 5
104 1603 4
104 1604 5
105 605 2
105 1132 4
105 1733 3
106 120 3
106 170 5
106 1617 4
106 1647 3
107 1570 5
108 142 6
108 152 2
108 201 6
108 219 3
108 228 5
110 163 2
110 177 4
110 202 3
110 504 3
110 672 3
110 693 3
110 1321 1
111 112 6
111 1282 4
112 261 3
112 1128 5
112 1560 4
113 274 3
113 560 4
113 654 3
113 1382 2
113 1720 3
114 117 1
114 1042 5
114 1143 3
115 256 3
115 805 2
115 1296 5
115 1328 5
115 1410 5
116 117 3
116 503 5
116 861 1
117 861 3
117 1042 1
118 136 3
118 163 3
118 177 2
118 823 1
118 897 2
118 1615 2
118 1651 1
119 560 2
119 1175 3
119 1587 1
120 170 3
120 288 5
120 1177 6
120 1617 5
121 1061 0
122 135 0
123 130 0
123 243 2
123 1384 2
123 1402 2
124 250 3
125 271 3
125 298 3
125 368 4
125 381 6
125 1149 4
125 1162 4
125 1255 3
125 1388 6
126 1156 2
127 186 6
127 253 5
127 1556 3
128 1176 2
128 1572 4
129 396 2
129 554 4
129 808 4
129 846 3
129 869 5
129 896 6
130 1280 0
131 329 1
131 726 2
131 936 3
131 1100 2
132 152 4
132 173 2
132 178 5
132 211 3
132 1458 4
132 1463 3
132 1509 3
132 1515 3
133 185 2
133 215 2
133 307 3
133 779 4
133 799 2
133 908 0
133 1160 3
133 1626 3
134 154 5
134 227 4
135 145 3
135 251 3
135 688 2
136 163 3
136 166 3
136 177 3
136 202 5
136 231 3
136 247 4
136 802 2
136 886 3
137 1036 3
137 1481 3
137 1511 4
137 1702 2
137 1734 2
137 1774 4
138 148 5
138 183 3
138 351 3
138 369 1
138 838 3
139 169 4
139 184 3
139 353 2
139 509 3
139 914 1
139 1070 4
139 1744 3
140 160 5
140 168 2
140 170 4
140 234 2
140 882 2
140 1617 3
140 1697 4
140 1699 3
140 1741 2
141 417 4
141 423 1
142 152 4
142 178 3
142 201 4
142 211 2
142 219 5
142 228 4
143 182 4
143 215 3
143 831 3
144 190 4
144 1221 2
145 172 3
145 226 5
145 229 5
145 251 6
146 163 3
146 272 5
146 782 4
146 812 5
146 879 4
146 894 4
146 1191 2
146 1651 5
147 454 3
147 475 4
147 491 2
147 1246 2
147 1264 3
147 1346 2
147 1355 2
147 1611 1
148 217 0
148 351 2
148 858 4
148 885 2
149 256 3
149 425 1
149 769 2
149 774 1
149 1070 1
149 1364 2
149 1795 1
150 160 4
150 200 5
150 234 6
150 1227 5
150 1699 3
150 1787 2
150 1793 2
151 210 3
151 466 3
151 1769 2
152 178 6
152 211 3
152 219 7
152 739 1
152 1309 7
153 206 2
153 861 2
153 1208 3
153 1235 4
153 1690 2
154 176 2
154 227 4
155 226 5
155 229 6
155 240 7
155 251 5
155 411 3
155 651 6
155 661 7
155 715 4
155 734 4
156 164 3
156 205 6
156 767 6
156 1275 5
156 1590 4
157 1225 3
157 1609 2
158 217 3
158 237 4
158 241 3
158 365 3
158 1623 2
158 1654 4
158 1720 2
158 1749 5
158 1786 5
159 1665 1
159 1667 2
160 162 4
160 170 3
160 200 4
160 234 5
160 1697 3
160 1699 4
160 1741 2
161 667 3
161 725 2
161 849 1
161 855 3
161 1704 3
161 1794 5
162 234 3
162 1647 4
163 177 4
163 202 4
163 782 2
163 851 2
163 1651 3
164 205 5
164 246 4
164 886 4
164 1183 4
165 198 4
165 213 1
165 283 4
165 673 1
165 681 5
165 883 4
165 922 4
165 1734 1
166 231 6
166 238 4
166 246 5
166 802 3
166 886 4
166 897 3
166 1267 6
166 1551 2
167 459 3
167 517 3
167 547 3
167 1343 1
167 1564 4
168 288 3
168 406 3
168 416 2
168 882 6
168 896 1
168 1357 4
169 353 4
169 509 3
169 510 3
169 1070 3
169 1326 2
169 1597 1
170 786 2
170 1617 4
170 1697 4
171 207 1
172 199 5
172 226 3
172 229 3
172 239 5
172 251 3
172 511 3
173 178 2
173 211 5
173 236 4
174 223 0
174 264 4
174 544 4
174 578 4
174 664 4
174 863 4
174 1270 4
174 1712 4
175 301 4
175 578 0
175 984 3
175 1382 2
175 1477 6
175 1528 3
176 220 0
176 346 0
176 1218 5
176 1241 1
176 1247 1
176 1567 4
176 1757 5
177 202 5
177 504 4
177 1102 3
177 1278 3
178 211 4
178 219 6
178 739 1
178 1309 6
178 1458 1
179 203 4
179 435 4
179 683 5
179 1083 4
179 1106 3
179 1621 2
180 1616 2
181 188 2
181 208 4
181 215 3
181 245 7
181 308 3
181 332 1
181 724 3
181 827 3
182 215 4
182 763 2
182 779 4
182 827 3
182 831 3
182 1209 2
182 1212 2
182 1626 3
183 241 1
183 611 3
183 794 4
183 838 3
183 885 4
183 889 3
183 1252 2
184 225 3
184 249 2
184 250 4
184 545 0
184 946 0
184 1070 3
184 1744 4
185 242 6
185 244 6
185 854 3
185 1500 5
185 1718 4
185 1722 3
186 203 2
186 209 3
186 210 4
186 253 4
187 211 2
187 408 4
187 429 6
187 457 4
187 494 5
187 684 3
187 1437 4
188 208 1
188 724 2
188 1655 5
189 197 6
189 198 4
189 213 3
189 1702 2
189 1734 4
189 1763 2
190 194 1
190 214 2
190 1221 2
190 1301 2
191 194 4
191 218 4
192 217 6
192 829 5
193 227 4
194 220 2
194 868 1
194 1645 4
195 391 6
195 411 5
195 455 6
195 511 4
195 715 5
196 469 3
196 835 3
196 1224 4
196 1225 4
196 1262 3
196 1756 1
197 198 3
197 213 3
197 323 2
197 673 1
197 1674 3
197 1734 2
197 1763 2
198 361 2
198 681 5
198 859 3
198 883 4
198 1734 3
199 239 7
199 511 5
200 234 4
200 255 2
200 1227 4
201 228 6
201 268 3
201 313 5
202 693 1
202 886 2
202 1278 4
203 230 3
203 253 2
203 397 4
203 407 5
203 683 6
203 1678 3
204 221 2
204 1705 2
204 1787 3
205 767 4
205 1590 5
206 697 4
206 704 3
206 722 3
206 1310 0
206 1690 3
207 1048 3
207 1155 4
207 1157 2
208 215 3
208 245 4
208 827 6
209 855 5
209 1324 3
209 1643 4
210 488 2
211 236 4
212 524 6
212 1571 4
212 1776 5
213 283 3
213 705 3
213 1674 2
213 1735 5
213 1763 2
214 218 6
214 220 4
214 227 3
215 308 4
215 779 3
215 827 3
215 1626 3
216 313 6
216 342 3
216 1672 1
217 241 5
217 829 6
217 871 3
217 1749 5
218 220 4
218 227 3
219 1309 6
220 317 0
221 255 3
221 850 3
221 1263 2
221 1277 3
221 1773 3
222 228 2
222 236 5
222 408 5
222 472 1
223 561 3
223 1175 2
224 339 4
224 881 3
224 1064 4
225 250 3
225 254 6
225 535 4
225 593 4
225 1584 4
226 229 6
226 240 4
226 251 6
226 661 5
227 232 3
228 236 3
228 313 4
229 240 6
229 251 7
229 651 4
229 661 5
230 397 5
230 435 4
230 442 2
230 465 3
230 683 4
230 1668 2
231 238 5
231 246 5
231 247 5
231 1183 5
231 1267 6
232 1119 0
232 1559 1
233 452 3
233 491 3
233 842 3
233 1353 2
233 1684 1
233 1726 2
233 1774 2
234 1227 4
234 1787 2
235 1046 3
235 1134 3
235 1422 4
235 1432 3
235 1474 5
235 1504 3
236 408 3
237 1396 6
237 1623 4
237 1654 6
237 1720 4
237 1786 6
238 247 5
238 672 1
238 886 2
238 1267 3
239 391 3
239 511 5
240 248 4
240 251 5
240 651 5
240 661 6
241 829 4
241 871 3
241 1749 5
241 1754 4
242 244 6
242 828 6
242 854 4
242 1500 6
242 1718 5
243 249 2
243 250 1
243 1328 1
243 1715 2
244 828 5
244 1500 5
245 724 3
246 247 3
246 1183 5
246 1267 4
247 851 1
248 313 1
249 250 3
249 254 2
249 1070 3
249 1328 2
249 1795 4
250 254 3
250 1402 2
250 1744 3
252 418 2
252 424 3
252 460 2
252 1167 4
252 1187 7
252 1231 1
252 1277 1
252 1796 4
253 407 3
253 436 5
253 695 5
253 1337 2
253 1546 2
254 593 3
254 613 2
254 1584 4
254 1620 2
255 850 4
255 1796 3
256 297 0
256 510 3
256 1296 4
256 1328 4
257 277 3
257 287 3
257 647 3
257 667 1
258 327 4
258 347 3
258 862 4
259 269 5
259 311 4
259 314 3
259 370 2
259 594 5
260 470 3
260 866 4
260 1419 4
260 1429 3
260 1439 3
260 1475 2
260 1499 3
260 1519 2
261 281 2
261 1092 2
261 1128 5
261 1550 3
261 1560 5
261 1652 3
262 289 3
262 331 3
262 939 4
262 974 6
262 1462 4
263 273 2
263 345 6
263 361 3
263 712 4
263 742 5
263 932 5
263 1006 5
263 1008 3
263 1442 5
264 318 3
264 863 3
264 1136 1
264 1276 4
265 310 4
265 333 4
265 371 3
265 380 5
265 687 3
265 1027 3
265 1434 2
266 276 5
266 326 6
266 330 5
266 349 6
266 362 5
266 385 6
266 481 2
266 548 1
267 726 0
267 1452 1
267 1668 2
267 1688 5
267 1740 5
267 1747 4
268 278 3
268 313 2
268 337 3
268 342 5
269 311 4
269 314 4
269 332 3
269 373 4
269 594 5
269 908 2
269 928 3
269 1032 2
270 302 5
270 320 3
270 340 7
270 650 5
270 670 6
271 321 2
271 344 6
271 381 3
271 1550 4
271 1642 6
271 1652 3
272 377 2
272 809 4
272 812 6
272 823 4
272 879 2
272 1651 4
273 291 3
273 352 2
273 361 3
273 729 2
273 968 5
273 1008 3
273 1520 0
273 1684 2
274 300 5
274 598 3
274 611 3
274 625 5
274 654 4
274 794 4
274 1210 4
274 1252 4
275 285 3
275 384 6
275 700 2
275 761 3
275 776 2
275 1176 1
275 1721 2
276 326 7
276 330 6
276 349 6
276 362 7
276 385 6
276 1634 6
276 1666 5
277 306 3
277 312 5
277 329 2
277 336 3
277 807 3
277 813 4
277 878 1
277 1664 1
278 337 6
278 342 3
278 1679 2
279 332 3
279 334 3
279 341 4
279 370 4
279 372 3
279 908 2
280 360 3
280 1033 4
280 1111 2
280 1117 3
280 1499 5
280 1519 4
281 325 5
281 378 4
281 1568 4
281 1585 4
281 1608 3
281 1662 4
282 289 3
282 331 3
282 366 3
282 626 4
282 911 5
282 1004 5
282 1076 4
282 1536 5
283 681 3
283 705 4
283 922 2
284 318 5
284 1711 2
285 384 3
285 1038 6
285 1142 3
286 937 6
286 1021 4
286 1283 4
286 1453 3
286 1508 3
287 293 3
287 797 4
288 882 3
288 972 3
288 1177 4
288 1357 6
288 1617 4
289 303 5
289 331 7
289 1004 4
289 1055 2
290 292 1
290 374 3
290 1163 2
290 1232 2
290 1487 3
291 323 1
291 352 4
291 968 4
291 990 2
291 1056 3
292 938 4
292 1441 6
293 777 2
293 797 4
293 981 2
293 1194 2
293 1207 1
293 1230 2
294 816 1
294 1069 4
294 1195 1
294 1231 6
294 1250 1
294 1277 2
294 1286 5
295 297 2
295 380 2
295 631 4
295 1124 1
296 943 4
297 371 3
297 380 3
297 1706 3
298 354 3
298 368 3
298 1258 3
298 1388 3
298 1682 5
298 1692 2
299 658 6
299 668 5
299 824 2
299 857 6
299 1108 3
299 1761 3
300 351 0
300 598 3
300 611 4
300 804 3
300 1340 3
301 375 4
301 1423 5
301 1433 5
301 1443 5
301 1477 6
301 1528 6
302 317 4
302 340 6
302 346 3
302 650 5
302 707 4
302 710 3
303 331 6
303 1055 3
305 916 3
306 312 4
306 787 1
306 807 5
306 813 3
306 916 2
306 926 2
306 1464 1
306 1621 3
307 314 3
307 334 4
307 372 4
307 731 4
307 799 4
307 1160 4
308 341 1
309 544 3
309 578 4
309 708 4
309 728 5
309 1400 3
309 1712 3
310 333 3
310 380 5
310 979 2
310 998 3
310 1027 4
310 1424 3
310 1434 4
311 332 3
311 370 2
311 594 4
311 632 4
311 827 0
311 928 2
311 1215 3
312 336 2
312 807 3
312 813 4
312 1436 5
312 1464 2
314 332 2
314 334 2
314 373 4
314 1032 3
314 1160 4
316 348 3
316 355 2
316 750 3
316 1475 1
317 340 4
317 650 5
317 706 4
317 707 4
317 710 3
317 730 4
317 1348 2
318 1468 2
319 320 2
319 710 2
319 1117 3
319 1311 2
319 1479 1
319 1505 2
320 340 3
320 710 4
320 750 4
320 790 2
320 1439 0
320 1505 4
321 344 4
321 368 3
321 378 4
321 1269 3
321 1585 3
321 1662 4
322 323 3
322 363 4
322 653 2
322 912 3
322 1056 1
323 361 2
323 653 4
323 970 2
323 1093 3
324 653 2
324 663 2
324 713 2
324 1095 3
324 1116 3
324 1184 2
324 1223 3
325 378 5
325 1639 5
326 330 6
326 349 6
326 362 7
326 385 7
326 481 2
326 1634 6
326 1666 5
327 876 2
327 1077 3
327 1121 2
327 1135 5
327 1228 5
327 1248 5
327 1251 5
327 1387 2
328 1063 3
328 1148 0
329 336 4
329 677 4
329 726 4
329 1336 1
330 349 6
330 362 7
330 385 6
330 1634 5
331 588 2
331 1004 5
331 1055 3
331 1076 2
332 341 2
332 373 3
332 632 3
332 1215 5
333 371 7
333 655 4
333 687 4
333 769 2
333 979 6
333 1029 5
334 341 3
334 372 7
334 731 4
334 831 2
334 1212 3
334 1273 4
335 572 5
335 647 0
335 807 4
335 813 4
336 677 6
336 726 2
336 878 2
336 1168 3
336 1178 5
337 342 3
337 347 4
338 343 3
338 369 4
338 1047 3
338 1382 3
338 1502 0
339 751 4
339 753 2
339 990 3
339 1064 4
340 346 3
340 650 4
340 707 3
340 710 5
340 1505 3
341 760 1
341 762 2
343 369 5
343 784 3
343 949 0
344 378 2
344 1550 3
344 1642 5
345 712 6
345 742 6
345 932 6
345 1006 7
345 1442 4
345 1481 5
346 710 3
346 860 1
346 1088 1
346 1371 2
346 1505 3
347 1121 5
347 1200 4
348 355 6
348 745 3
348 790 3
348 836 2
348 866 4
348 1439 4
348 1519 3
349 362 6
349 385 6
349 1634 5
350 1051 5
350 1077 4
350 1098 4
350 1113 5
350 1381 4
350 1614 5
351 820 3
351 871 3
351 1374 3
352 968 3
352 990 2
352 1192 3
352 1224 0
352 1483 3
352 1522 2
353 405 2
353 509 4
353 510 2
353 700 2
354 1258 4
354 1269 2
354 1356 3
354 1375 3
354 1412 3
354 1639 2
355 780 4
356 778 5
356 798 3
356 1238 4
356 1378 5
356 1641 5
356 1649 4
357 1125 3
357 1152 3
357 1568 2
357 1608 2
358 825 1
359 374 2
359 974 4
359 1055 2
359 1770 1
360 860 1
360 962 3
360 991 3
360 1033 3
360 1043 3
360 1371 1
360 1479 3
360 1499 2
361 673 1
361 729 3
361 883 2
361 1006 1
361 1008 3
362 385 6
362 1634 6
362 1666 5
364 737 2
364 857 5
364 1084 2
364 1565 5
365 1749 6
365 1754 3
366 1076 5
366 1190 4
366 1320 2
366 1397 2
366 1536 4
367 898 1
367 901 4
367 1222 4
367 1292 3
367 1329 4
367 1356 4
367 1412 4
368 1128 5
368 1149 4
368 1162 6
368 1388 3
368 1560 3
368 1662 4
369 784 4
369 1047 3
370 1233 3
370 1242 4
370 1273 3
371 655 4
371 687 4
371 979 5
371 1029 5
372 731 5
372 1212 4
372 1273 5
373 789 2
373 928 1
373 1032 4
373 1160 3
373 1215 3
374 1022 6
374 1449 5
375 1400 2
375 1685 3
376 382 4
376 656 5
376 766 4
376 775 3
376 1613 6
377 782 1
377 792 5
377 802 5
377 812 2
377 897 4
377 1260 4
378 581 1
378 1585 5
378 1639 4
378 1662 3
379 1016 2
381 1149 4
381 1226 4
381 1245 2
381 1388 6
382 656 6
382 666 5
382 676 6
382 678 4
382 686 4
382 766 6
382 772 6
382 1555 4
383 726 2
383 1066 2
383 1464 2
383 1465 2
383 1668 3
384 700 2
384 761 3
384 1721 2
385 481 3
385 1543 0
385 1634 5
386 860 3
386 1218 5
386 1247 0
386 1291 3
386 1371 2
386 1377 2
386 1461 2
386 1757 4
387 423 3
387 1488 4
387 1494 4
387 1747 3
388 1417 4
388 1427 6
388 1437 3
388 1472 5
388 1486 4
388 1506 2
388 1509 4
388 1523 5
389 960 2
389 987 1
389 1112 2
391 455 6
391 484 2
391 511 6
392 412 4
392 419 2
392 433 2
392 489 4
392 894 2
393 453 5
393 842 3
393 1684 3
393 1726 2
394 404 6
394 414 6
394 430 5
394 439 7
394 473 4
394 495 6
394 499 6
394 505 6
395 463 4
395 514 3
395 1456 4
395 1492 2
396 869 2
396 905 2
396 1453 1
396 1699 0
396 1705 3
397 407 4
397 435 4
397 465 2
397 643 2
397 683 5
397 1546 0
398 408 3
398 434 3
398 467 3
398 480 6
398 486 6
398 891 4
398 1753 1
399 437 4
399 441 2
399 444 4
399 462 3
399 1103 3
399 1566 3
400 432 4
400 449 4
400 450 6
400 470 6
400 476 5
400 490 6
400 1429 4
401 451 2
401 484 3
402 412 4
402 420 3
402 433 4
402 461 3
402 496 4
402 879 1
403 421 5
403 453 6
404 414 8
404 430 7
404 439 7
404 448 7
404 468 7
404 495 8
404 499 8
404 505 4
405 463 1
405 509 2
405 1316 1
405 1384 1
405 1415 2
406 416 6
406 418 2
406 645 3
406 882 3
406 994 3
407 435 5
407 436 5
407 683 5
407 1040 4
407 1678 5
408 429 4
408 480 4
408 494 5
409 502 5
409 1141 3
409 1783 4
410 966 3
410 993 3
411 451 4
411 455 6
411 487 6
411 498 4
411 661 3
411 715 7
411 734 5
412 420 3
412 433 5
412 461 3
412 489 3
412 496 4
412 894 2
412 1191 3
413 452 6
413 454 5
413 491 6
413 803 6
413 1216 5
414 430 7
414 439 7
414 448 7
414 468 7
414 495 8
414 499 8
414 505 4
415 1545 2
416 418 3
416 645 4
416 806 4
416 882 2
416 943 2
416 994 3
417 459 3
417 725 3
417 1723 3
418 424 4
418 460 4
418 492 5
419 422 3
419 1633 1
420 461 6
420 496 5
420 507 4
420 1334 2
421 482 4
423 1740 5
424 460 6
424 492 5
424 1167 2
425 427 4
425 509 3
425 510 2
425 514 3
425 516 4
425 769 4
425 1454 4
426 456 5
426 479 5
426 506 4
426 515 4
426 636 2
426 1028 3
426 1677 4
426 1737 5
426 1741 2
427 463 3
427 509 2
427 516 4
427 924 3
427 946 3
427 1454 3
428 487 4
428 498 4
428 508 1
428 688 4
429 457 5
429 477 3
429 494 6
429 1344 4
429 1437 5
430 439 6
430 448 7
430 468 7
430 481 2
430 495 7
430 499 7
431 473 4
431 505 4
432 446 3
432 447 4
432 449 5
432 470 4
432 1429 5
432 1478 2
433 507 5
434 467 6
434 480 3
434 486 3
434 1368 4
434 1417 0
435 442 1
435 683 6
435 1040 4
436 695 5
436 1040 3
436 1066 2
436 1678 4
437 444 2
437 462 4
437 1103 2
438 441 3
438 954 3
438 1466 2
438 1595 3
438 1670 4
439 468 6
439 473 4
439 495 7
439 499 7
439 505 5
440 817 3
440 998 7
440 1456 3
440 1492 5
440 1512 4
441 444 3
441 1363 2
442 465 3
442 643 1
442 926 2
442 958 1
442 1003 2
442 1100 2
442 1416 2
443 528 7
443 907 4
443 953 5
443 959 7
443 983 4
443 988 4
443 992 5
443 1009 7
444 1103 6
444 1363 4
444 1566 3
446 449 3
446 1659 3
447 449 5
447 450 5
447 470 6
447 479 0
448 468 8
448 495 7
448 499 7
449 1419 4
450 470 7
450 476 5
450 490 6
450 1419 4
451 455 3
451 484 5
451 487 4
451 715 4
451 734 4
452 454 7
452 491 6
452 842 4
452 1346 5
452 1354 4
454 1354 3
455 487 4
455 498 4
455 511 4
455 715 5
456 515 2
456 1028 4
456 1189 3
456 1447 2
456 1677 3
456 1687 3
456 1737 5
456 1741 4
457 477 2
457 480 3
457 486 3
457 494 6
457 1437 4
457 1506 4
459 517 5
459 547 5
459 725 3
459 773 2
460 479 3
460 492 6
461 496 5
461 1076 2
461 1320 2
461 1334 4
463 516 2
464 471 4
464 500 6
464 827 1
464 987 3
464 1467 3
464 1670 4
465 643 2
465 1003 2
465 1366 3
465 1495 1
465 1542 3
467 472 4
467 480 3
467 486 3
467 1159 3
467 1169 3
468 495 7
468 499 7
469 523 4
469 583 3
469 612 5
469 621 5
469 842 1
469 1224 4
469 1225 3
470 476 6
470 1419 4
470 1429 5
470 1475 3
471 500 4
471 502 2
471 834 4
471 1418 4
471 1428 2
471 1467 5
471 1784 3
473 505 6
474 497 5
474 508 5
474 671 2
474 1778 2
475 482 4
475 1216 6
475 1264 1
475 1354 5
476 485 3
476 1475 4
478 485 3
479 506 5
479 515 5
479 850 3
480 486 8
480 494 4
480 891 4
482 865 4
485 929 2
485 1439 2
485 1475 5
486 494 4
486 891 4
487 651 5
487 715 7
487 734 6
488 1688 3
488 1747 3
489 1191 3
489 1323 3
491 803 6
491 842 4
491 1346 6
491 1353 5
491 1355 4
492 501 0
493 605 1
493 761 2
494 1344 3
494 1437 4
495 499 8
496 879 2
496 1191 2
496 1334 2
497 498 4
497 508 5
498 508 3
499 505 4
500 1032 1
501 556 1
501 723 4
501 769 1
502 1018 3
502 1141 4
502 1418 4
502 1467 4
502 1470 3
502 1491 5
502 1783 5
504 680 3
504 693 4
504 823 2
504 1035 3
504 1102 5
506 515 7
506 645 3
506 1380 4
506 1737 5
506 1760 5
507 652 2
507 721 2
509 510 3
509 914 1
510 1326 2
512 902 4
513 643 1
513 773 2
513 813 2
513 1158 3
513 1464 2
513 1495 2
513 1664 3
514 769 4
514 979 3
514 1456 3
515 645 2
515 850 5
515 1325 2
515 1737 5
515 1760 5
516 769 3
516 946 2
516 979 1
516 1454 6
516 1545 2
517 547 6
517 596 4
517 643 5
517 1664 2
518 538 2
518 610 4
518 953 5
518 959 3
518 973 6
518 983 6
518 992 5
518 995 7
518 1001 6
519 571 3
519 1144 5
519 1300 4
519 1310 2
519 1345 3
520 530 3
520 562 5
520 576 4
520 580 5
520 620 6
521 585 5
521 604 6
521 614 3
521 638 6
521 641 5
521 744 6
521 1420 5
521 1440 2
521 1513 2
522 634 5
522 1739 3
523 543 3
523 551 3
523 583 6
523 612 6
523 621 6
523 1224 4
523 1262 4
524 1553 3
524 1571 5
525 555 6
525 639 5
525 646 4
525 1584 4
525 1620 1
526 536 2
526 556 5
526 609 5
526 622 4
526 1327 4
527 916 3
527 1436 4
528 538 3
528 559 4
528 907 4
528 953 4
528 959 6
528 988 4
528 992 5
528 1009 6
529 539 4
529 568 3
529 574 3
529 630 3
529 873 0
530 540 4
530 580 5
530 606 5
530 608 5
530 615 2
530 620 4
531 585 6
531 638 5
531 641 4
531 747 0
531 1527 3
531 1653 5
532 550 4
532 563 3
532 591 4
532 619 4
532 637 5
532 1533 1
533 543 3
533 582 3
533 584 3
533 1450 3
534 598 4
534 603 3
534 635 5
534 654 4
534 1165 2
534 1202 2
534 1210 3
534 1695 3
535 545 4
535 555 4
535 557 5
535 613 5
535 644 4
535 646 4
535 1584 3
536 586 3
536 609 4
536 622 3
537 547 3
537 595 2
537 618 4
538 559 4
538 573 4
538 597 5
538 607 4
538 610 3
538 992 3
539 592 3
539 1566 1
540 567 2
540 608 4
540 873 0
541 604 0
541 627 4
541 845 4
541 887 5
541 1430 6
541 1480 4
542 549 2
542 552 5
542 563 4
542 588 3
542 619 5
542 939 4
542 1518 3
543 583 3
543 612 3
543 940 2
543 1483 2
544 578 6
544 664 7
544 1185 6
544 1270 6
544 1712 5
545 557 3
545 613 3
545 644 3
545 655 2
545 774 2
546 556 3
546 609 4
546 622 3
547 596 6
547 643 3
547 773 2
547 1664 2
549 1408 3
550 552 4
550 563 3
550 619 6
550 637 3
550 1462 3
550 1518 3
550 1525 3
551 582 4
551 583 5
551 599 3
551 621 4
551 623 6
551 1174 3
552 563 5
552 591 4
552 619 6
553 566 0
553 916 3
553 926 3
553 975 5
553 1060 3
553 1154 2
553 1416 4
554 586 2
554 808 5
554 869 4
554 896 3
555 557 3
555 613 3
555 631 2
555 639 4
555 646 6
555 1584 3
555 1638 2
556 609 7
556 622 6
557 570 5
557 593 6
557 613 7
557 640 7
557 644 7
557 646 5
558 581 5
558 614 4
558 617 4
558 628 4
558 1182 4
559 573 6
559 587 4
559 597 5
559 602 4
559 907 4
559 988 4
559 1009 2
560 984 0
560 1382 3
560 1400 2
560 1685 2
560 1720 1
561 603 5
561 635 6
561 765 5
561 1406 5
561 1695 5
562 576 6
562 580 7
562 600 5
562 606 5
562 615 6
562 620 5
563 588 4
563 626 3
563 637 4
563 939 2
563 1421 3
564 587 5
564 597 6
564 602 5
564 607 5
564 610 3
566 1083 3
566 1106 3
566 1107 5
566 1318 4
566 1471 4
566 1494 3
566 1621 2
567 568 5
567 571 0
567 574 4
567 630 3
567 633 4
568 574 6
568 630 4
568 633 4
569 1165 7
569 1201 5
569 1219 5
569 1239 6
569 1244 3
569 1266 6
570 593 5
570 640 5
570 644 5
571 1015 4
571 1372 3
572 1360 2
572 1664 4
573 597 3
573 833 7
573 907 6
573 917 7
573 988 6
574 630 4
574 633 5
575 582 5
575 599 4
575 605 6
575 623 6
576 580 6
576 600 7
576 615 5
576 620 5
576 814 3
578 664 7
578 708 5
578 1185 6
578 1270 5
579 606 5
579 608 5
580 600 6
580 606 6
580 608 5
580 615 5
580 620 6
581 628 5
581 1440 4
581 1513 4
581 1516 4
581 1585 2
582 584 3
582 599 7
583 612 6
583 621 6
583 623 5
583 1174 4
584 599 4
584 1362 4
584 1450 3
585 604 4
585 638 5
585 1420 5
585 1527 4
585 1653 5
586 642 3
586 902 2
586 1393 1
586 1413 3
587 597 6
587 602 7
588 626 5
588 911 5
588 939 2
588 1004 5
588 1421 3
588 1536 3
589 1259 1
589 1298 1
590 1197 5
590 1250 6
590 1327 3
590 1361 3
590 1393 3
591 637 6
592 630 0
592 1404 3
593 613 6
593 640 6
593 644 7
596 618 4
597 602 5
597 607 7
597 610 3
598 625 3
598 765 3
598 1165 3
598 1202 3
598 1210 4
598 1369 5
599 623 3
599 1362 5
600 608 3
600 615 4
600 814 3
602 610 5
603 635 5
603 765 4
603 1369 2
603 1675 4
603 1695 6
604 617 4
604 638 7
604 641 6
604 744 5
604 1420 4
605 623 5
606 608 5
608 620 3
609 622 6
609 1327 2
610 624 5
610 973 4
610 995 3
611 625 3
611 794 5
611 804 2
611 889 3
611 1720 2
612 621 5
612 623 3
612 842 2
612 1262 4
613 640 6
613 644 7
613 646 5
614 617 5
614 641 3
614 1440 5
614 1513 5
614 1516 4
615 620 4
616 819 5
616 1041 4
616 1364 1
616 1710 6
617 641 5
617 744 7
619 637 3
619 1462 3
619 1518 4
621 1174 4
621 1224 4
621 1225 3
621 1262 3
622 1097 0
622 1327 2
624 948 5
624 973 6
624 1001 6
625 654 4
625 765 4
625 794 5
625 1210 5
625 1762 2
626 637 3
626 911 5
626 1004 4
626 1421 5
626 1536 4
626 1770 4
627 757 6
627 768 3
628 1585 2
629 1244 4
629 1374 2
629 1588 4
629 1605 5
630 633 4
631 646 2
632 928 4
632 1170 4
632 1208 2
632 1215 5
632 1233 4
632 1595 2
635 654 3
635 765 5
635 1406 6
635 1695 4
636 786 6
636 925 3
636 945 4
636 1361 2
636 1677 4
637 1421 3
637 1673 3
637 1770 5
638 641 7
638 744 5
638 1420 4
639 640 3
639 646 4
640 644 7
640 646 5
641 744 6
641 1420 3
642 816 2
642 937 1
642 1195 4
642 1407 4
643 936 1
643 1664 3
644 646 4
645 806 6
645 846 2
645 1380 4
647 667 5
647 832 3
647 1704 3
648 740 2
648 754 2
648 1679 2
648 1715 4
649 659 4
649 760 5
649 762 2
649 763 6
649 1601 4
649 1680 5
650 670 5
650 706 4
650 707 6
650 730 4
650 1386 3
651 661 6
651 688 4
651 715 5
651 734 5
652 679 6
652 718 2
652 721 4
652 1683 2
652 1693 2
652 1714 3
653 663 5
653 673 2
653 705 3
653 1093 4
653 1116 7
654 1210 5
654 1675 4
655 675 6
655 687 4
655 774 7
655 924 1
655 944 3
655 1029 5
656 676 6
656 716 5
656 766 6
656 772 6
656 775 6
657 696 1
657 1188 7
657 1207 2
657 1213 5
657 1230 6
657 1236 7
657 1237 4
657 1284 7
658 668 5
658 1689 6
658 1761 4
659 669 5
659 698 4
659 724 4
659 760 4
659 763 4
659 1601 3
660 730 6
660 736 5
660 1386 5
661 715 4
661 734 5
661 1540 1
662 672 6
662 682 6
662 1130 1
662 1229 5
663 673 4
663 705 2
663 729 5
664 699 3
664 708 5
664 1185 7
664 1270 6
664 1712 5
666 676 6
666 678 7
666 686 7
666 716 6
666 739 4
666 752 7
666 766 6
666 772 6
667 832 3
667 1336 3
667 1546 3
667 1704 5
668 1689 5
668 1761 3
669 893 4
669 1180 4
669 1209 6
669 1745 5
670 707 4
670 750 5
672 682 7
672 693 4
672 764 2
672 1229 5
673 712 1
673 713 2
673 729 6
673 742 2
674 690 3
674 691 3
674 733 4
675 723 3
675 774 6
675 944 2
675 1029 5
676 686 5
676 716 7
676 766 5
676 772 8
676 1555 6
677 726 2
677 1178 4
677 1360 2
678 686 7
678 716 5
678 720 4
678 739 5
678 752 7
678 766 5
679 721 3
680 693 2
680 764 3
680 810 3
680 1035 4
680 1102 4
680 1551 2
680 1569 2
680 1615 1
681 859 2
681 883 4
681 1483 1
682 1229 5
683 695 1
683 1678 3
684 775 3
685 687 5
685 700 3
685 743 4
685 776 2
685 1364 2
686 716 5
686 720 4
686 739 4
686 752 6
686 766 6
687 700 4
687 774 4
687 776 2
687 1029 3
688 711 1
689 694 7
689 884 3
690 691 7
690 733 6
690 759 5
691 733 6
691 1468 1
692 1492 1
692 1559 2
693 756 4
693 764 3
693 823 1
693 1229 2
694 754 4
694 1031 2
694 1679 2
695 719 3
695 773 1
695 1337 2
695 1546 2
696 773 2
697 698 1
697 701 4
697 704 4
697 722 4
697 1208 2
697 1235 2
697 1531 1
698 722 4
698 724 4
698 760 4
698 762 4
698 1745 3
699 708 4
699 728 5
699 741 5
699 755 5
699 1270 3
699 1400 3
699 1712 4
700 776 4
700 1411 1
701 704 3
701 722 4
701 1539 0
703 727 7
703 788 3
703 798 4
703 847 2
703 1753 3
705 1093 3
706 709 4
706 730 6
706 1301 2
706 1348 6
706 1386 5
707 709 3
707 730 5
707 736 3
707 1386 3
708 728 3
708 741 4
708 1185 4
709 730 4
709 736 5
709 1075 1
709 1087 1
709 1301 2
709 1350 4
709 1386 3
710 750 4
710 1505 4
711 1152 2
712 742 6
712 932 5
712 985 3
712 1006 5
712 1036 4
712 1481 4
713 729 3
713 1123 3
713 1223 2
713 1637 2
714 1036 2
714 1482 3
715 734 6
716 739 5
716 766 5
716 772 7
716 1555 5
717 740 3
717 746 7
717 754 3
717 1084 2
717 1679 4
718 721 6
718 1148 3
718 1204 3
718 1313 5
719 725 3
719 773 3
719 1643 4
719 1704 3
720 739 6
720 1555 3
721 1204 3
722 762 2
722 1752 1
724 762 3
725 773 3
725 1794 4
726 1336 2
726 1337 1
727 798 3
727 884 4
727 1753 3
728 741 7
728 755 7
728 759 4
728 1400 4
728 1712 4
730 736 5
730 1348 4
730 1386 6
731 799 6
731 831 5
731 852 6
731 1271 6
732 737 3
732 746 3
732 1084 5
732 1257 3
732 1572 1
733 759 4
734 841 1
734 1540 2
735 751 4
735 753 6
735 1093 1
735 1110 4
737 740 3
737 1280 0
738 745 5
738 780 4
739 772 4
739 1555 4
740 824 2
740 1072 2
740 1679 4
740 1767 2
741 755 7
741 759 4
741 1400 4
742 1006 6
742 1036 4
742 1442 3
742 1481 5
743 1296 2
743 1306 2
743 1364 3
745 1439 4
745 1671 3
746 754 3
747 771 1
748 1336 4
748 1337 5
749 1173 4
749 1232 4
749 1321 5
749 1359 4
749 1777 1
751 753 4
751 1110 4
751 1756 2
752 766 6
753 1110 4
754 862 2
754 884 2
755 759 4
755 1185 4
755 1712 3
756 810 2
757 768 5
758 771 4
760 762 5
760 763 6
760 893 5
760 1209 3
761 805 3
761 1316 2
762 763 3
762 893 3
763 827 2
763 893 6
763 1209 5
763 1601 5
764 810 4
764 886 1
764 1229 5
764 1561 5
764 1657 4
765 1210 5
765 1406 5
767 1275 7
767 1590 3
769 979 3
769 1454 2
772 1555 6
776 805 3
776 1411 3
776 1597 3
777 797 2
777 981 3
778 876 2
778 1051 4
778 1098 4
778 1214 3
778 1238 6
778 1335 4
778 1378 4
778 1635 5
779 831 3
779 1160 3
779 1212 5
779 1273 3
779 1626 5
780 1671 5
781 874 4
781 898 4
782 812 6
782 823 3
782 894 3
782 1193 8
783 793 5
783 844 4
783 865 1
784 821 4
784 984 3
784 1175 2
784 1502 1
785 873 4
785 906 1
785 1272 2
786 925 4
786 935 3
786 945 4
786 1445 2
786 1677 4
786 1697 3
787 1003 3
787 1083 3
787 1621 3
788 1373 4
789 1032 3
789 1160 3
789 1212 1
789 1601 1
789 1719 2
790 800 5
790 866 5
790 1505 3
790 1519 4
790 1771 3
791 845 2
791 888 3
791 1540 2
792 802 7
792 897 6
792 1183 4
792 1260 6
792 1577 6
792 1615 4
793 844 3
794 889 2
794 1252 5
798 876 4
798 1121 2
799 831 4
799 852 6
799 890 4
799 1212 2
799 1271 7
800 860 1
800 866 4
800 868 3
800 1379 3
800 1439 2
800 1461 2
800 1505 2
800 1519 3
801 845 4
801 887 5
801 1639 1
802 886 4
802 897 6
802 1183 4
802 1260 5
802 1615 4
803 865 3
803 1346 6
803 1353 6
803 1354 5
804 820 2
804 838 3
804 871 2
804 889 2
804 1340 3
806 846 4
807 813 4
807 926 1
807 1580 2
807 1621 2
808 816 2
808 869 4
808 896 4
808 1361 1
809 848 4
810 1561 5
810 1579 4
811 843 6
811 1046 5
812 823 3
812 894 3
812 1193 6
812 1651 4
813 1664 3
813 1698 0
815 873 1
815 946 3
815 998 3
815 1027 6
815 1424 5
815 1434 4
815 1444 6
816 896 1
816 937 3
816 1793 2
817 830 5
817 891 2
817 899 5
817 1512 4
817 1530 4
817 1538 3
818 1245 4
818 1258 3
818 1268 4
818 1503 1
818 1692 4
818 1765 2
818 1792 4
819 1031 5
819 1679 2
819 1710 5
819 1748 3
819 1767 6
819 1775 5
820 829 2
820 871 5
820 1140 2
820 1374 4
821 838 1
821 984 4
821 1305 2
821 1331 4
821 1459 2
821 1477 2
821 1502 4
821 1762 2
822 836 3
822 837 3
822 1000 2
822 1461 3
822 1507 4
823 851 3
823 879 2
824 1072 3
824 1200 0
824 1715 1
824 1738 2
825 826 0
825 1259 2
827 1209 2
827 1670 1
828 852 2
828 854 6
828 890 4
829 871 4
829 1374 4
829 1628 5
830 899 5
830 1469 4
830 1530 6
830 1538 4
830 1543 4
831 852 4
831 1212 4
831 1271 4
832 1194 3
832 1207 2
832 1343 2
833 907 7
833 917 8
833 927 7
833 988 7
834 1418 4
834 1428 4
834 1438 3
834 1467 5
834 1470 3
834 1473 3
834 1532 3
834 1719 4
835 1578 4
836 837 4
836 875 1
836 1347 1
837 1347 2
838 858 4
838 889 6
838 1340 2
839 840 1
840 1751 4
841 1440 4
841 1457 4
841 1484 6
841 1503 4
841 1513 4
841 1526 6
841 1540 6
842 1262 2
842 1346 3
842 1355 3
844 1392 2
845 887 6
845 898 2
845 1430 5
845 1537 3
846 882 0
846 905 2
847 884 4
847 1031 1
847 1118 2
847 1200 3
847 1758 3
847 1791 3
848 851 3
848 879 3
848 1651 2
849 1564 4
850 1277 2
850 1325 2
850 1737 3
850 1760 3
851 1145 1
852 854 3
852 890 5
852 1271 6
854 890 5
854 1500 3
854 1626 1
854 1722 3
855 1324 3
855 1643 2
856 958 4
856 982 1
856 1542 7
857 1689 5
858 889 5
859 1684 3
859 1726 4
860 1256 3
860 1461 3
860 1645 1
861 892 1
861 1235 3
862 1072 2
862 1758 2
863 1175 3
863 1780 4
864 910 5
864 920 5
864 1172 6
864 1199 4
864 1268 2
864 1765 4
864 1789 4
865 1353 4
865 1354 5
865 1394 3
866 868 3
866 1439 4
866 1499 4
866 1519 6
867 1248 5
868 1479 1
868 1499 2
868 1505 2
868 1519 3
870 1077 5
870 1098 1
870 1135 7
870 1228 6
870 1248 6
870 1251 6
871 1374 5
872 1262 1
872 1504 3
872 1511 4
872 1520 4
873 906 2
873 1272 3
874 887 6
874 898 4
875 1000 4
876 1121 5
876 1200 3
876 1238 3
876 1358 4
877 898 2
877 901 5
877 1292 6
877 1312 5
878 958 1
878 1030 5
878 1366 5
878 1542 4
878 1698 5
879 894 2
879 1191 3
880 1347 4
880 1549 3
880 1640 3
881 1610 5
881 1630 3
881 1646 4
882 1357 4
883 912 3
883 922 4
883 961 3
884 1758 2
886 897 3
886 1615 3
887 898 3
887 1430 5
887 1503 3
888 1399 1
888 1409 3
888 1792 3
889 984 2
890 1271 3
891 899 3
891 904 5
893 1209 6
893 1601 3
894 1045 0
894 1191 3
894 1193 3
895 1332 1
895 1349 1
895 1571 2
895 1776 2
896 902 3
896 905 2
897 1183 5
897 1267 4
897 1615 5
898 901 2
899 904 4
899 1530 4
899 1538 5
899 1543 4
900 1782 1
901 1222 5
901 1292 4
901 1329 5
901 1352 4
901 1779 2
903 1593 4
903 1599 0
905 1283 3
905 1435 4
907 917 7
907 927 8
907 988 8
908 928 4
908 1170 4
909 962 5
909 965 3
909 991 6
909 1005 2
909 1476 3
910 920 6
910 1012 3
910 1172 5
910 1199 5
910 1792 2
912 922 4
912 961 7
912 970 3
912 985 4
913 996 3
913 1010 4
913 1020 2
914 924 3
914 934 3
914 944 4
914 1016 3
915 935 4
915 972 5
915 976 5
915 1177 1
916 926 5
916 942 3
916 975 4
917 927 7
917 988 7
917 1009 3
918 1428 5
918 1500 4
918 1718 6
918 1722 5
918 1725 3
919 951 4
919 963 4
920 1012 3
920 1172 6
920 1199 7
920 1755 4
921 941 2
921 977 4
921 1019 3
921 1462 4
921 1518 4
921 1788 3
922 932 0
922 961 5
922 1482 3
923 949 5
923 955 6
923 964 5
924 934 6
924 944 5
924 946 3
924 956 4
924 1016 5
925 935 5
925 945 3
925 972 3
925 994 3
925 1007 5
925 1028 3
925 1677 4
926 942 4
926 1003 2
926 1416 4
926 1495 1
927 988 8
928 954 3
928 987 1
928 1170 4
928 1595 4
929 951 3
929 1311 2
929 1429 3
929 1475 5
929 1478 5
930 967 4
930 971 6
930 999 5
930 1002 3
930 1012 3
930 1013 1
930 1768 0
931 938 3
931 941 4
931 976 2
931 1019 5
931 1525 4
932 985 4
932 1164 5
932 1442 5
933 964 2
933 996 3
933 1010 4
933 1020 2
933 1443 3
933 1524 4
934 944 6
934 956 5
934 1016 6
934 1029 3
934 1166 5
935 972 3
935 976 4
935 1007 4
935 1028 3
935 1677 4
936 1040 2
936 1060 3
936 1100 3
936 1158 1
936 1678 1
937 1021 3
937 1283 4
937 1453 3
938 941 6
938 977 2
938 1011 4
938 1019 6
938 1525 5
939 974 5
939 977 3
939 1451 1
939 1462 4
939 1518 4
940 968 2
940 969 7
940 970 3
940 985 3
940 1006 2
940 1056 3
940 1483 2
941 1011 5
941 1019 6
941 1525 4
942 958 3
942 975 6
942 1003 4
942 1416 4
943 994 4
943 1167 1
944 956 5
944 979 2
944 1016 6
944 1029 5
945 976 4
945 994 3
945 1445 4
945 1485 5
945 1521 2
945 1697 2
946 1027 2
946 1456 1
947 1013 3
947 1054 4
947 1139 4
947 1732 1
948 973 7
948 995 6
948 1001 7
949 955 7
949 996 4
949 1014 4
949 1020 3
949 1047 3
949 1122 3
950 964 2
950 1528 5
953 959 6
953 973 4
953 983 7
953 992 6
953 1001 4
953 1009 5
954 987 2
954 1112 4
954 1595 7
955 964 5
955 996 5
955 1014 3
956 1016 5
956 1027 2
956 1029 3
956 1424 2
956 1444 3
957 978 5
957 980 8
957 1017 7
957 1052 6
957 1403 6
958 1416 5
958 1464 3
958 1465 4
958 1495 4
958 1542 5
959 983 5
959 992 6
959 1009 7
960 980 4
960 1015 3
960 1017 4
960 1085 4
960 1112 2
960 1372 4
961 970 3
961 985 4
961 1482 3
962 991 4
962 1000 3
962 1476 4
962 1479 2
962 1499 4
962 1519 2
963 1479 5
964 996 5
964 1010 3
965 986 3
965 991 4
965 993 2
966 1005 3
967 971 4
967 999 6
967 1071 4
968 969 2
968 1450 2
969 1056 4
969 1134 1
970 985 6
971 999 5
971 1002 3
971 1012 3
971 1013 1
972 976 5
972 994 3
973 983 5
973 995 7
973 1001 8
974 977 3
974 1011 4
974 1462 4
974 1518 4
975 1003 3
975 1416 5
976 1485 2
977 1019 2
977 1431 3
977 1448 2
977 1462 5
977 1518 4
978 980 5
978 1052 7
978 1085 4
978 1403 6
979 1029 4
980 1017 7
980 1052 6
980 1085 6
980 1144 5
980 1372 6
980 1403 6
982 1517 3
983 992 6
983 995 6
983 1001 5
983 1009 4
984 1459 1
984 1477 3
984 1762 3
985 1006 3
985 1164 3
986 993 3
987 1438 3
987 1670 3
987 1719 3
988 1009 4
989 1302 7
989 1312 7
989 1385 6
990 1064 2
990 1094 4
990 1184 4
990 1223 2
990 1522 4
991 1043 2
992 995 4
992 1009 5
993 1005 4
995 1001 7
996 1010 4
996 1711 2
998 1027 4
998 1424 5
998 1434 4
998 1492 4
999 1071 4
1002 1736 4
1002 1755 4
1002 1778 4
1003 1366 3
1004 1076 3
1004 1536 4
1005 1311 2
1006 1442 3
1006 1481 5
1007 1028 3
1008 1481 4
1008 1498 4
1008 1504 3
1008 1684 4
1011 1019 4
1011 1518 4
1012 1199 4
1012 1732 1
1012 1778 1
1013 1034 4
1013 1044 5
1013 1054 5
1013 1071 5
1013 1115 4
1014 1020 4
1014 1037 4
1014 1047 6
1014 1122 5
1014 1459 2
1017 1052 5
1017 1085 5
1017 1144 5
1017 1300 5
1017 1372 6
1017 1403 5
1018 1112 2
1018 1141 6
1018 1493 6
1018 1529 5
1018 1532 3
1018 1783 4
1019 1525 5
1020 1047 4
1020 1459 3
1020 1460 3
1021 1357 1
1022 1293 3
1022 1448 4
1022 1449 5
1023 1034 7
1023 1044 8
1023 1071 5
1024 1034 5
1024 1092 7
1024 1115 6
1024 1125 6
1024 1139 5
1025 1120 2
1027 1424 6
1027 1434 6
1027 1444 7
1028 1189 3
1028 1197 3
1028 1677 5
1030 1129 4
1030 1168 5
1030 1360 2
1030 1366 6
1030 1698 5
1031 1041 2
1031 1748 3
1031 1753 2
1031 1767 5
1031 1775 4
1032 1160 3
1032 1418 1
1033 1043 6
1033 1111 5
1033 1117 4
1033 1126 5
1033 1256 2
1034 1044 7
1034 1054 5
1034 1092 5
1034 1115 7
1034 1125 5
1034 1139 5
1035 1062 4
1035 1065 7
1035 1102 3
1035 1145 5
1035 1569 4
1037 1057 3
1037 1140 2
1037 1146 3
1038 1142 3
1040 1066 4
1040 1678 4
1041 1200 2
1041 1715 3
1041 1761 2
1041 1767 3
1041 1775 4
1042 1143 4
1042 1548 4
1043 1111 5
1043 1126 5
1043 1514 1
1044 1054 5
1044 1071 5
1044 1115 6
1044 1139 5
1045 1063 3
1046 1422 6
1046 1432 7
1046 1498 5
1046 1504 5
1047 1122 4
1048 1081 5
1048 1124 2
1048 1142 2
1048 1157 2
1048 1254 3
1048 1287 2
1048 1384 3
1048 1721 1
1049 1067 4
1049 1097 5
1049 1120 4
1049 1153 4
1050 1288 2
1051 1077 2
1051 1098 6
1051 1113 8
1051 1238 5
1051 1335 3
1051 1381 6
1051 1635 5
1052 1085 5
1052 1112 0
1052 1372 5
1052 1403 6
1052 1404 3
1053 1075 2
1053 1088 2
1053 1091 4
1053 1111 3
1053 1126 3
1053 1333 3
1054 1092 3
1054 1115 5
1054 1139 5
1054 1149 1
1055 1701 3
1055 1714 0
1055 1739 2
1056 1184 0
1057 1080 4
1057 1122 2
1057 1140 5
1058 1068 4
1058 1104 4
1058 1124 2
1058 1157 3
1059 1067 2
1059 1097 3
1059 1120 2
1060 1100 3
1060 1446 0
1061 1069 5
1061 1286 4
1062 1065 4
1062 1130 2
1062 1145 3
1063 1644 3
1063 1660 3
1064 1094 1
1064 1304 3
1065 1102 3
1066 1308 3
1066 1446 2
1066 1517 3
1067 1097 4
1067 1120 5
1068 1104 5
1068 1157 3
1069 1231 5
1069 1286 6
1070 1364 2
1072 1118 5
1072 1738 6
1072 1758 5
1072 1767 2
1072 1775 3
1073 1080 3
1073 1146 3
1074 1122 5
1075 1088 4
1075 1091 4
1075 1171 5
1075 1301 2
1076 1190 4
1076 1323 2
1076 1536 3
1077 1108 5
1077 1135 6
1077 1248 5
1077 1635 1
1078 1079 6
1080 1089 3
1080 1146 5
1081 1254 5
1081 1384 4
1082 1085 3
1082 1105 4
1082 1290 5
1082 1403 2
1082 1404 5
1082 1531 2
1082 1656 4
1083 1106 5
1083 1471 3
1083 1621 4
1084 1257 5
1084 1565 3
1085 1372 5
1085 1403 6
1085 1531 3
1087 1090 2
1087 1091 4
1087 1111 3
1087 1126 2
1087 1131 2
1087 1161 3
1087 1350 2
1087 1391 3
1088 1091 3
1088 1171 4
1088 1221 4
1088 1301 2
1088 1348 1
1089 1114 6
1089 1146 5
1090 1161 1
1090 1351 4
1090 1386 2
1091 1111 3
1091 1171 3
1091 1350 3
1091 1391 2
1092 1115 6
1092 1125 6
1092 1128 1
1092 1139 6
1092 1550 1
1093 1116 4
1094 1123 2
1094 1184 5
1094 1223 5
1094 1246 4
1094 1253 3
1094 1383 2
1095 1116 2
1095 1192 2
1095 1225 1
1096 1608 2
1097 1120 4
1097 1133 0
1097 1153 3
1098 1113 6
1098 1238 5
1098 1330 3
1098 1635 5
1099 1137 3
1099 1148 3
1099 1701 3
1100 1129 3
1101 1142 2
1101 1721 3
1102 1551 2
1103 1363 5
1103 1566 2
1104 1124 4
1104 1157 4
1105 1310 3
1105 1338 6
1105 1339 4
1105 1345 5
1105 1404 3
1105 1656 4
1106 1107 4
1107 1318 3
1107 1471 4
1107 1621 3
1108 1135 7
1108 1228 7
1108 1248 7
1108 1251 7
1109 1140 2
1110 1756 4
1111 1117 3
1111 1126 6
1111 1391 2
1112 1141 2
1112 1529 2
1112 1595 3
1113 1238 5
1113 1381 6
1115 1125 6
1115 1139 6
1117 1126 4
1117 1181 3
1118 1285 2
1118 1738 4
1118 1758 5
1120 1153 3
1121 1200 3
1121 1358 2
1121 1715 1
1123 1134 1
1123 1223 5
1123 1240 2
1124 1142 1
1124 1157 3
1125 1152 6
1126 1181 4
1127 1228 5
1127 1251 5
1127 1395 5
1127 1591 3
1128 1149 2
1128 1162 4
1128 1560 5
1128 1662 4
1129 1360 1
1132 1733 4
1132 1750 5
1132 1763 2
1133 1156 1
1134 1223 1
1135 1228 7
1135 1248 7
1135 1251 7
1135 1387 3
1137 1148 3
1137 1163 3
1137 1190 0
1137 1204 4
1137 1693 1
1137 1785 2
1138 1226 4
1138 1269 4
1138 1279 3
1138 1692 3
1138 1732 5
1141 1438 2
1141 1470 3
1141 1491 4
1141 1493 5
1141 1529 6
1142 1708 3
1142 1721 4
1143 1548 3
1144 1345 2
1144 1372 6
1144 1404 4
1145 1569 3
1145 1644 2
1147 1156 1
1148 1313 4
1149 1162 4
1149 1226 6
1149 1269 4
1151 1676 3
1155 1157 5
1155 1708 4
1158 1360 2
1158 1664 5
1159 1169 6
1159 1205 4
1159 1368 6
1160 1212 2
1160 1626 4
1161 1311 1
1161 1391 2
1161 1476 1
1162 1388 3
1162 1560 4
1162 1585 2
1162 1662 4
1163 1173 3
1163 1204 4
1163 1232 3
1163 1359 4
1163 1362 2
1163 1490 3
1164 1432 3
1164 1442 6
1165 1201 4
1165 1202 5
1165 1219 6
1165 1239 6
1165 1266 7
1165 1369 4
1167 1187 5
1168 1178 4
1168 1237 3
1168 1360 1
1168 1366 4
1169 1344 3
1169 1368 6
1170 1233 3
1170 1595 2
1171 1221 3
1172 1199 6
1172 1755 3
1172 1765 2
1172 1789 6
1173 1359 4
1173 1777 2
1174 1763 2
1175 1305 2
1175 1340 1
1175 1780 2
1176 1186 2
1176 1280 2
1176 1306 2
1176 1411 2
1179 1205 2
1179 1243 3
1179 1265 2
1179 1299 3
1179 1554 3
1179 1557 1
1180 1209 4
1180 1274 2
1180 1745 4
1181 1217 3
1182 1282 0
1183 1267 6
1184 1223 5
1184 1246 4
1184 1253 3
1184 1522 3
1185 1270 6
1186 1280 3
1186 1285 2
1186 1287 2
1186 1316 4
1186 1341 3
1186 1415 3
1187 1796 3
1188 1213 6
1188 1230 6
1188 1236 7
1188 1237 5
1188 1284 6
1189 1195 1
1189 1197 5
1189 1250 5
1189 1317 4
1189 1327 3
1189 1687 1
1190 1232 0
1191 1397 4
1192 1225 2
1192 1253 2
1192 1264 3
1192 1483 1
1194 1207 3
1195 1286 2
1195 1317 2
1195 1407 3
1196 1198 3
1196 1234 2
1197 1250 5
1197 1317 3
1197 1327 3
1197 1361 1
1199 1755 4
1199 1778 2
1199 1789 4
1200 1758 3
1201 1202 3
1201 1239 6
1201 1244 5
1201 1295 4
1201 1587 3
1201 1623 3
1202 1239 4
1202 1369 5
1202 1675 3
1203 1589 4
1203 1603 4
1203 1604 4
1203 1713 6
1204 1313 2
1204 1359 3
1204 1362 1
1204 1405 3
1204 1785 1
1205 1243 2
1205 1299 4
1205 1368 5
1206 1207 4
1207 1213 2
1208 1215 3
1208 1235 4
1208 1274 2
1208 1531 2
1209 1601 3
1209 1745 4
1210 1252 4
1210 1406 4
1212 1273 5
1213 1236 6
1213 1237 6
1213 1366 1
1214 1330 4
1214 1335 4
1214 1378 4
1214 1586 6
1214 1622 4
1214 1627 6
1214 1632 6
1214 1635 4
1215 1233 3
1215 1274 3
1216 1346 5
1216 1353 3
1216 1354 6
1216 1355 3
1217 1221 3
1217 1301 5
1218 1377 5
1218 1567 5
1218 1757 7
1219 1266 5
1220 1241 5
1220 1247 4
1220 1261 5
1221 1301 4
1222 1329 6
1222 1352 3
1222 1399 1
1223 1246 4
1223 1253 4
1224 1225 5
1224 1262 5
1224 1355 1
1226 1269 5
1226 1388 4
1227 1793 2
1228 1248 7
1228 1251 8
1230 1236 6
1230 1284 7
1231 1263 2
1231 1277 4
1231 1286 4
1232 1313 4
1232 1320 4
1232 1321 5
1232 1359 5
1233 1242 3
1233 1274 3
1234 1254 1
1234 1721 2
1235 1274 2
1235 1656 1
1236 1237 5
1236 1284 6
1238 1335 4
1238 1358 6
1238 1635 4
1239 1266 5
1239 1295 3
1239 1369 3
1239 1623 3
1240 1246 5
1240 1522 3
1241 1247 3
1241 1261 7
1241 1377 2
1241 1625 4
1242 1273 3
1242 1274 2
1243 1299 4
1244 1295 4
1244 1776 3
1245 1255 3
1245 1388 2
1245 1692 4
1245 1792 4
1246 1253 6
1246 1264 5
1247 1347 3
1247 1631 3
1247 1640 3
1247 1645 3
1248 1251 7
1248 1387 2
1249 1391 3
1250 1317 3
1250 1327 4
1250 1393 2
1252 1406 3
1252 1654 1
1253 1264 6
1253 1322 2
1254 1287 3
1254 1384 4
1254 1415 3
1254 1607 2
1255 1279 4
1255 1388 4
1255 1457 2
1255 1692 4
1255 1792 4
1257 1565 4
1258 1356 3
1258 1503 1
1258 1639 1
1258 1682 4
1258 1765 2
1260 1267 5
1260 1577 6
1262 1355 2
1263 1277 5
1263 1687 4
1263 1707 3
1264 1322 2
1266 1571 1
1268 1356 4
1268 1375 4
1268 1412 4
1268 1765 5
1270 1712 4
1277 1687 2
1279 1399 2
1279 1409 4
1279 1692 5
1280 1281 3
1280 1285 3
1281 1287 4
1281 1402 5
1281 1415 2
1282 1568 2
1283 1435 4
1283 1447 1
1283 1453 4
1283 1455 3
1283 1508 3
1283 1697 0
1285 1287 4
1285 1326 4
1285 1402 4
1287 1326 2
1287 1341 1
1287 1384 3
1289 1417 6
1289 1469 1
1289 1501 5
1289 1523 5
1290 1310 6
1290 1338 4
1290 1656 5
1292 1302 7
1292 1312 7
1292 1329 6
1292 1352 5
1292 1385 5
1293 1405 3
1293 1431 3
1293 1448 5
1293 1449 4
1293 1451 4
1293 1533 4
1294 1304 4
1294 1322 3
1294 1376 2
1294 1383 3
1294 1602 4
1294 1611 3
1294 1624 5
1295 1349 2
1295 1588 6
1295 1605 4
1295 1623 2
1295 1636 5
1296 1306 4
1296 1328 5
1296 1341 4
1296 1364 2
1296 1410 4
1298 1389 3
1300 1342 1
1301 1479 0
1302 1312 7
1302 1329 6
1302 1352 5
1302 1385 6
1303 1536 4
1304 1322 3
1304 1383 5
1305 1315 3
1305 1331 3
1305 1340 3
1305 1497 3
1305 1762 2
1306 1341 5
1306 1411 7
1307 1317 4
1307 1361 4
1307 1521 1
1308 1389 3
1308 1580 3
1309 1463 2
1310 1338 4
1310 1656 5
1311 1475 3
1312 1352 5
1312 1385 6
1313 1320 5
1313 1321 5
1313 1334 3
1313 1359 4
1314 1322 4
1314 1376 6
1314 1394 1
1315 1332 5
1315 1340 6
1316 1326 0
1316 1415 3
1316 1597 4
1317 1407 3
1318 1471 5
1318 1488 4
1318 1494 6
1319 1325 3
1319 1361 0
1319 1393 4
1319 1407 1
1319 1535 3
1320 1321 5
1320 1334 5
1320 1536 1
1321 1334 3
1321 1359 4
1322 1376 4
1323 1397 1
1323 1408 5
1323 1703 5
1324 1414 4
1324 1592 4
1325 1741 3
1326 1328 0
1326 1402 3
1328 1341 2
1328 1364 1
1328 1410 3
1329 1352 5
1329 1356 2
1329 1385 5
1329 1765 1
1330 1335 3
1330 1395 4
1330 1591 5
1330 1622 6
1330 1635 5
1331 1497 6
1331 1502 4
1331 1510 5
1332 1406 2
1333 1351 3
1333 1371 3
1333 1391 2
1333 1514 2
1334 1359 2
1334 1490 4
1335 1358 4
1335 1586 4
1335 1635 5
1335 1641 4
1336 1337 5
1336 1367 2
1336 1546 3
1336 1704 3
1337 1389 1
1337 1546 5
1337 1704 2
1338 1339 5
1338 1342 2
1338 1345 5
1338 1656 5
1339 1342 4
1339 1345 6
1339 1365 4
1339 1401 5
1341 1410 3
1341 1411 5
1341 1597 3
1342 1365 6
1342 1558 2
1342 1598 5
1342 1619 4
1344 1368 3
1344 1437 5
1344 1506 4
1345 1401 7
1345 1656 3
1346 1353 6
1346 1354 5
1346 1355 5
1347 1377 1
1347 1640 3
1347 1645 2
1348 1386 3
1348 1707 0
1349 1776 2
1350 1351 4
1351 1386 3
1352 1385 6
1352 1779 3
1353 1354 5
1353 1355 4
1355 1578 4
1356 1375 7
1356 1412 8
1356 1682 3
1356 1765 4
1357 1617 4
1358 1591 2
1359 1405 4
1360 1664 3
1361 1687 1
1362 1490 1
1363 1403 2
1363 1466 0
1363 1531 3
1364 1710 1
1365 1558 3
1365 1594 5
1365 1598 5
1365 1619 4
1366 1542 3
1366 1698 5
1370 1383 4
1370 1611 3
1371 1391 2
1371 1461 2
1371 1479 1
1371 1505 2
1372 1403 4
1372 1404 4
1374 1628 3
1375 1412 7
1377 1567 5
1377 1625 3
1378 1586 5
1378 1641 6
1378 1649 5
1379 1476 3
1382 1400 1
1384 1402 3
1384 1415 3
1385 1779 3
1387 1395 4
1387 1591 2
1387 1614 4
1387 1622 3
1389 1556 4
1389 1564 2
1389 1580 3
1390 1618 3
1391 1461 2
1393 1407 4
1393 1425 2
1395 1591 5
1395 1622 4
1396 1654 5
1398 1399 5
1398 1409 3
1398 1789 3
1399 1409 4
1401 1404 2
1408 1703 5
1409 1768 3
1410 1738 2
1411 1597 4
1412 1682 3
1412 1765 4
1414 1556 4
1414 1592 4
1414 1599 1
1415 1597 1
1416 1465 3
1416 1495 4
1417 1427 5
1417 1472 5
1417 1501 7
1417 1523 6
1418 1438 5
1418 1467 6
1418 1491 5
1418 1719 5
1418 1783 4
1419 1429 3
1419 1439 1
1420 1480 3
1421 1448 2
1421 1449 2
1421 1451 2
1421 1536 2
1421 1770 4
1422 1432 6
1422 1442 2
1422 1498 4
1422 1504 5
1422 1520 2
1422 1774 2
1423 1433 7
1423 1443 7
1423 1459 2
1423 1477 5
1423 1510 4
1423 1524 4
1423 1528 6
1423 1534 7
1424 1434 6
1424 1444 5
1424 1454 2
1424 1456 1
1425 1445 2
1425 1453 3
1425 1508 3
1425 1521 1
1426 1446 3
1426 1668 5
1427 1437 1
1427 1472 7
1427 1486 6
1427 1501 6
1427 1509 5
1427 1515 3
1427 1523 6
1428 1500 2
1428 1725 5
1429 1475 4
1429 1478 4
1430 1480 6
1430 1484 4
1430 1503 4
1430 1516 4
1430 1526 4
1430 1537 6
1431 1448 6
1431 1449 6
1431 1451 7
1431 1462 2
1431 1487 4
1432 1442 3
1432 1498 5
1432 1504 5
1433 1443 6
1433 1468 5
1433 1524 4
1433 1528 6
1433 1534 7
1434 1444 5
1434 1454 1
1434 1539 2
1435 1453 5
1435 1455 2
1435 1508 4
1435 1544 6
1435 1705 5
1437 1506 6
1438 1467 4
1438 1491 6
1438 1493 3
1438 1719 6
1438 1783 5
1440 1484 5
1440 1513 8
1440 1516 6
1440 1526 5
1440 1537 4
1443 1459 2
1443 1477 5
1443 1510 4
1443 1528 6
1443 1534 6
1445 1447 0
1445 1485 6
1445 1489 4
1445 1508 1
1445 1521 5
1445 1697 2
1446 1452 5
1446 1517 5
1447 1455 2
1447 1535 3
1447 1707 1
1447 1737 2
1447 1741 2
1448 1449 6
1448 1451 6
1448 1533 4
1449 1451 6
1449 1487 3
1450 1520 2
1451 1487 3
1451 1533 4
1452 1464 3
1452 1465 5
1452 1517 4
1452 1678 1
1453 1508 6
1453 1544 5
1453 1707 2
1454 1456 2
1454 1545 2
1455 1485 4
1455 1489 4
1455 1521 4
1456 1492 4
1456 1512 4
1457 1540 4
1457 1792 1
1458 1463 4
1458 1486 3
1458 1506 2
1458 1509 6
1458 1515 4
1459 1497 3
1459 1502 3
1459 1510 5
1460 1524 5
1461 1507 5
1461 1514 3
1462 1518 6
1463 1496 6
1463 1509 6
1463 1515 8
1464 1465 5
1464 1495 4
1464 1542 3
1465 1495 5
1465 1517 4
1465 1542 3
1466 1470 3
1466 1529 4
1466 1781 5
1467 1470 3
1467 1491 5
1467 1719 5
1469 1530 4
1470 1473 5
1470 1491 4
1470 1493 4
1470 1532 5
1471 1494 3
1472 1486 7
1472 1496 6
1472 1501 6
1472 1509 4
1472 1515 4
1472 1523 7
1473 1493 5
1473 1532 8
1473 1781 5
1474 1498 6
1475 1478 3
1476 1499 3
1476 1514 0
1477 1510 5
1477 1528 5
1478 1479 2
1480 1516 5
1480 1537 6
1483 1774 1
1484 1503 5
1484 1513 5
1484 1516 5
1484 1526 8
1484 1537 6
1484 1540 4
1485 1489 4
1485 1521 5
1486 1496 7
1486 1501 5
1486 1509 5
1486 1515 5
1486 1523 6
1487 1490 0
1488 1494 5
1489 1521 5
1490 1533 1
1491 1493 4
1491 1719 5
1491 1783 5
1492 1512 4
1492 1530 2
1493 1529 5
1493 1532 5
1493 1783 4
1495 1517 2
1495 1542 4
1496 1515 6
1496 1523 5
1497 1510 5
1498 1504 5
1498 1684 2
1499 1519 5
1500 1718 6
1500 1722 4
1501 1523 7
1502 1510 5
1502 1534 3
1503 1526 5
1503 1537 3
1503 1540 4
1504 1520 2
1507 1514 4
1508 1544 4
1508 1699 1
1508 1707 3
1509 1515 6
1510 1528 3
1511 1520 6
1511 1522 1
1511 1774 4
1512 1530 4
1512 1543 2
1513 1516 6
1513 1526 5
1513 1537 4
1516 1526 5
1516 1537 6
1520 1522 1
1520 1774 2
1524 1534 5
1526 1537 6
1526 1540 4
1527 1608 1
1527 1653 4
1528 1534 6
1530 1538 5
1530 1543 4
1532 1781 5
1535 1760 3
1538 1539 5
1538 1543 5
1538 1545 3
1539 1543 3
1539 1545 5
1541 1544 6
1543 1545 2
1546 1556 3
1546 1564 2
1546 1704 3
1549 1631 4
1549 1640 7
1550 1560 2
1550 1608 2
1550 1642 4
1550 1652 4
1551 1561 4
1551 1579 5
1551 1615 5
1551 1657 3
1553 1571 3
1555 1613 4
1556 1580 2
1556 1599 2
1557 1565 4
1557 1600 5
1558 1566 2
1558 1594 3
1558 1619 5
1560 1585 2
1560 1652 4
1560 1662 5
1561 1579 4
1561 1657 7
1561 1660 2
1562 1578 2
1562 1602 5
1562 1624 3
1562 1646 3
1563 1573 6
1563 1575 5
1565 1600 3
1567 1625 4
1567 1757 4
1567 1771 0
1568 1608 5
1568 1653 3
1569 1660 3
1570 1610 4
1570 1646 5
1570 1772 3
1573 1575 5
1574 1592 3
1576 1583 3
1576 1644 5
1576 1663 3
1577 1590 4
1578 1611 2
1579 1615 4
1579 1657 4
1581 1666 3
1583 1634 0
1583 1663 3
1584 1620 2
1584 1638 3
1585 1639 3
1585 1662 5
1586 1627 7
1586 1632 7
1586 1641 6
1586 1649 7
1588 1605 5
1588 1636 6
1588 1658 4
1589 1603 4
1589 1604 5
1589 1606 1
1589 1607 1
1591 1622 4
1592 1616 7
1594 1598 5
1594 1619 4
1595 1670 4
1598 1619 6
1599 1616 3
1599 1769 3
1602 1611 4
1602 1624 6
1602 1630 2
1603 1604 4
1603 1607 4
1603 1681 1
1604 1606 1
1605 1628 2
1605 1636 3
1606 1731 1
1607 1731 1
1608 1653 3
1609 1610 3
1609 1611 1
1609 1630 4
1609 1637 3
1610 1630 5
1610 1646 6
1611 1624 4
1611 1637 1
1612 1629 6
1612 1661 4
1613 1634 1
1614 1622 3
1617 1697 3
1620 1667 1
1622 1627 3
1622 1635 3
1623 1654 3
1623 1776 2
1625 1640 2
1626 1722 1
1627 1632 7
1627 1649 6
1629 1661 4
1631 1640 3
1631 1645 3
1632 1641 5
1632 1649 6
1633 1659 3
1634 1666 6
1636 1658 4
1638 1665 1
1640 1645 3
1641 1649 7
1642 1652 4
1643 1704 3
1644 1657 2
1644 1660 5
1652 1662 2
1654 1786 5
1657 1660 3
1665 1667 1
1668 1678 1
1669 1710 4
1671 1766 0
1672 1736 4
1673 1683 3
1673 1693 3
1673 1714 4
1673 1770 3
1673 1777 2
1674 1694 4
1674 1702 3
1674 1750 3
1675 1695 5
1676 1696 5
1677 1737 2
1679 1715 2
1679 1761 1
1679 1767 3
1680 1690 0
1681 1691 4
1681 1727 3
1681 1731 3
1681 1751 2
1681 1766 1
1682 1692 2
1683 1693 7
1683 1700 1
1683 1701 2
1683 1714 6
1683 1742 5
1683 1777 3
1683 1785 5
1684 1726 3
1686 1708 2
1687 1741 3
1687 1793 1
1688 1747 7
1689 1761 3
1690 1743 3
1690 1745 1
1690 1752 6
1691 1766 3
1692 1792 4
1693 1714 6
1693 1742 6
1693 1785 6
1694 1702 6
1694 1726 4
1694 1734 4
1694 1750 2
1696 1744 4
1696 1782 4
1697 1699 2
1699 1707 1
1699 1741 2
1699 1793 2
1700 1777 1
1701 1785 2
1702 1726 4
1702 1734 6
1703 1739 2
1704 1794 4
1705 1707 4
1705 1787 3
1706 1797 3
1710 1761 3
1713 1731 4
1714 1742 5
1714 1777 2
1714 1785 4
1715 1761 3
1716 1740 5
1718 1722 6
1720 1786 5
1721 1764 0
1724 1764 0
1725 1784 3
1726 1734 4
1726 1774 2
1727 1728 3
1727 1731 4
1727 1751 5
1728 1731 5
1731 1751 3
1733 1750 4
1734 1774 2
1736 1755 5
1736 1778 4
1737 1741 3
1737 1760 5
1738 1748 3
1739 1788 2
1740 1747 3
1742 1785 5
1743 1752 4
1744 1782 4
1745 1752 2
1748 1767 4
1748 1775 5
1748 1795 2
1749 1754 4
1749 1786 2
1753 1791 3
1755 1778 3
1755 1779 3
1755 1789 3
1758 1775 2
1760 1773 4
1760 1793 1
1764 1790 3
1764 1791 2
1764 1795 2
1765 1789 2
1767 1775 6
1770 1788 3
1777 1788 0
1779 1789 4
1782 1797 1
1789 1792 1
1790 1791 2
