Soybean 1ML+1CL

LACC
11111111112222222222333334334333433333333444333
11111111112222222222333334333333443434444444343
11111111112222222222333334334333433433443343333
11111111112222222222333334334333433333343333343
11111111112222222222333334333335533555553555553
11111111112222222222333334334333433333333343333
11111111112222222222333334333333433555555355353
11111111112222222222333334334333433333333343333
11111111112222222222333334334355555555555555555
11111111112222222222333334333335533555553555553

CDBSCAN
11111111112222222222333330333333333333333033333
11111111112222222222333330333333333333333333333
11111111112222222222333330333333333333333333333
11111111112222222222333330333333333333333333333 
11111111112222222222333330033333333333333333333
11111111112222222222333330333333333333333333333 
11111111112222222222333330333333333033333333333
11111111112222222222333330033333333333333333333
11111111112222222222333330333333333333333333333 
11111111112222222222333330333333333033333333333

HCC
12121211210220222202300330030344404444444444404
12121211210220222202300330030344404444444440404
12121211210220222202300330030344404444444440444
12121211210220222202300330030344404444444440404
12121211210220222202300330030344404444444440404
12121211210220222202300330030344404444444440404
12121211210220222202300330030344404444444444404
12121211210220222202300330030344404444444440404
12121211210220222202300330030344404444444440444
12121211210220222202300330030344404444444440404


K_Means
11111111113333333333222222222224222242224424244
33313133112222222222444444444444444444444444444
33333333334444444444122112212121222112221212212
11111111112222222222344334434343444334443433433
44444444442322333222111111111111111111111111111
33333333331111111111244224424242444222442424424
22222222223333333333111111111141114141111414444
12121211223333333333444444444444444444444444444
44444444441111111111322333232323332323223232222
33333333334444444444111111111122222222222222222
44444444442222222222111111131113311333113131131

ML 1 + CL 3

LACC
11111111112222222222333334333334443434433343443
11111111112222222222333333333333333344434444444
11111111112222222222333334333333443434443444333
11111111112222222222333334334333443434443443433
11111111112222222222333334333333443434443343433
11111111112222222222333334333335543555555555353
11111111112222222222333334333335533555555353353
11111111112222222222333333333333333344434444444
11111111112222222222333334333333443434443444333
11111111112222222222333334334333443434443443433


HCC
12121211210220222202300330030344404444444440404
12121211210220222202300330030344404444444440404
12121211210220222202300330030344404444444440404
12121211210220222202300330030344404444444440404
12121211210220222202300330030344404444444440404
12121211210220222202300330030344404444444440404
12121211210220222202300330030344404444444440404
12121211210220222202300330030344404444444440404
12121211210220222202300330030344404444444440404
12121211210220222202300330030344404444444440404



K_Means
11111111113333333333222222222224222242224424244
22222222224444444444111113113131333313331133311
33333333334444444444122112212121222112221212212
11111111112222222222344334434343444334443433433
44444444442322333222111111111111111111111111111
33333333331111111111244224424242444222442424424
22222222223333333333111111111141114141111414444
12121211223333333333444444444444444444444444444
44444444441111111111322333232323332323223232222
33333333334444444444111111111122222222222222222
44444444442222222222111111131113311333113131131

CDBSCAN
11111111112222222222333330333303330333333333333
11111111112222222222333333333333330033333333333
11111111112222222222333333333333330033333333333
11111111112222222222333333333333330033333333333
11111111112222222222333330333333333033033333033
11111111112222222222333330333333333033033333033
11111111112222222222333333333333333333333333033 
11111111112222222222333330333303333333333333333
11111111112222222222333333333333330033333333333
11111111112222222222333330333333333033033333033

ML 3 + CL 3

LACC
11111111112222222222333334333333443334443444433
11111111112222222222333334333333443434444344443
11111111112222222222333334334333435554555555555
11111111112222222222333334334333435353553545555
11111111112222222222333334334333435353533545555
11111111112222222222333334333335545555555355555
11111111112222222222333334334333343545553355533
11111111112222222222333334333333433344443344433
11111111112222222222333333333333443334444344443
11111111112222222222333334334353555535553555555

HC
12121211210220222202300330030344444444444440404
12121211210220222202300330030344404444444444444
12121211210220222202300330030344404444444440444
12121211210220222202300330030344404444444444404
12121211210220222202300330030344404444444444404
12121211210220222202300330030344404444444444404
12121211210220222202300330030344404444444444404
12121211210220222202300330030344404444444444404
12121211210220222202300330030344404444444440404
12121211210220222202300330030344404444444440404


KM
22222222224444444444111113113131333313331133311


CDBSCAN
11111111112222222222333330333333333333333330333
11111111112222222222333330333333333333333333333
11111111112222222222333330333333330333333333333
11111111112222222222333330333333330333333333333
11111111112222222222333330333333330333333333333
11111111112222222222333330333333330333333333333
11111111112222222222333330333333333033333333333
11111111112222222222333330333333333330333333033
11111111112222222222333330333333303333333333333
11111111112222222222333330333303333333333333333 

ML 3, Cl 5
LACC
11111111112222222222333334334333433455345555555
11111111112222222222333334333353555555555555555
11111111112222222222333334333333435555555555553
11111111112222222222333334334333443334443443443
11111111112222222222333334333333343433335545345
11111111112222222222333334334333433455345555555
11111111112222222222333334333353555555555555555
11111111112222222222333334333333435555555555553
11111111112222222222333334334333443334443443443
11111111112222222222333334333333343433335545345

HCC
12121211210220222202300330030344444444444444404
12121211210220222202300330030344404444444440404
12121211210220222202300330030344404444444440404
12121211210220222202300330030344404444444440404
12121211210220222202300330030344404444444440404
12121211210220222202300330030344444444444444404
12121211210220222202300330030344404444444440404
12121211210220222202300330030344404444444440404
12121211210220222202300330030344404444444440404
12121211210220222202300330030344404444444440404

CDBSCAN
11111111112222222222333330333333033303333333333
11111111112222222222333330333303303333333303333
11111111112222222222333330333333330333333303333
11111111112222222222333330333333303333333303303
11111111112222222222333330333333333333330333333
11111111112222222222333330333333033303333333333
11111111112222222222333330333303303333333303333
11111111112222222222333330333333330333333303333
11111111112222222222333330333333303333333303303
11111111112222222222333330333333333333330333333





