Thyroid
2ML + 3Cl

LACC
111111111111111111111111111111111111111111111111111111111111111111111111111111111111111111111111111111111111111111111111111111111111111111111111111111
21133321311331333313333131312131133
451144455656454441445564512161
111111111111111111111111111111111111111111111111111111111111111111111111111111111111111111111111111111111111111111111111111111111111111111111111111111
21133321311331313313133131312131133451144455655455421445464512111
111111111111111111111111111111111111111111111111111111111111111111111111111111111111111111111111111111111111111111111111111111111111111111111111111111
21133321313331313313133131312133133451144455651454441465454512111
111111111111111111111111111111111111111111111111111111111111111111111111111111111111111111111111111111111111111111111111111111111111111111111111111111
21133321313331313313133131312131131451144455651464451455564512111
111111111111111111111111111111111111111111111111111111111111111111111111111111111111111111111111111111111111111111111111111111111111111111111111111111
21133321313331313313133331312131133451145454651454421444464512111
111111111111111111111111111111111111111111111111111111111111111111111111111111111111111111111111111111111111111111111111111111111111111111111111111111
21133321311331313313333131312131133141152544641435551544465415111
111111111111111111111111111111111111111111111111111111111111111111111111111111111111111111111111111111111111111111111111111111111111111111111111111111
21133321313331313313133131312131133451144455651544441454464512111
111111111111111111111111111111111111111111111111111111111111111111111111111111111111111111111111111111111111111111111111111111111111111111111111111111
21133321313331313313133131312131133451144455651455441447764512171
111111111111111111111111111111111111111111111111111111111111111111111111111111111111111111111111111111111111111111111111111111111111111111111111111111
21133321313331313313133131312131133141152544641545551554565415777
111111111111111111111111111111111111111111111111111111111111111111111111111111111111111111111111111111111111111111111111111111111111111111111111111111
21133321313331313313133131312131133451144455651455441447764512171

HCC
111111111111111111111111111111111111111111111111150111111111111111111111111111111111111111111111111111111111111111111111111111111111111111111111111111
1011154100015411111110110117217210101011110100110019200000001920000000000500101
111111111111111111111111111111111111111111111111150111111111111111111111111111111111111111111111111111111111111111111111111111111111111111111111111111
101115410001541111111011011721721010101111010011001000010010000000000500101
111111111111111111111111111111111111111111111111150111111111111111111111111111111111111111111111111111111111111111111111111111111111111111111111111111
1011154100015411111110110117217210101011110100110019200000001920000000100500101
111111111111111111111111111111111111111111111111150111111111111111111111111111111111111111111111111111111111111111111111111111111111111111111111111111
101115410001541111111011011721721010101111010011001920000000192019200000000500101
111111111111111111111111111111111111111111111111150111111111111111111111111111111111111111111111111111111111111111111111111111111111111111111111111111
10 1 1 154 1 0 0 0 154 1 1 1 1 1 1 1 0 1 1 1 1 172 172 1 0 1 0 1 0 1 1 1 1 0 1 0 0 1 1 0 0 192 0 0 0 0 0 0 0 192 0 0 0 0 0 0 0 0 0 0 50 0 1 0 1 
111111111111111111111111111111111111111111111111150111111111111111111111111111111111111111111111111111111111111111111111111111111111111111111111111111
1 0 1 1 154 1 0 0 0 154 1 1 1 1 1 1 1 0 1 1 0 1 172 172 1 0 1 0 1 0 1 1 1 1 0 1 0 0 1 1 0 0 192 0 0 0 0 0 1 0 192 0 0 0 0 0 0 0 0 0 0 50 0 1 0 1 
111111111111111111111111111111111111111111111111150111111111111111111111111111111111111111111111111111111111111111111111111111111111111111111111111111
1 0 1 1 154 1 0 0 0 154 1 1 1 1 1 1 1 0 1 1 0 1 172 172 1 0 1 0 1 0 1 1 1 1 0 1 0 0 1 1 0 0 192 0 0 0 0 0 1 0 192 0 0 0 0 0 0 0 0 0 0 50 0 1 0 1 
111111111111111111111111111111111111111111111111150111111111111111111111111111111111111111111111111111111111111111111111111111111111111111111111111111
1 0 1 1 154 1 0 0 0 154 1 1 1 1 1 1 1 0 1 1 0 1 172 172 1 0 1 0 1 0 1 1 1 1 0 1 0 0 1 1 0 0 192 0 192 0 0 0 0 0 192 0 0 0 0 0 0 0 0 0 0 50 0 1 0 1 
111111111111111111111111111111111111111111111111150111111111111111111111111111111111111111111111111111111111111111111111111111111111111111111111111111
1 0 1 1 154 1 0 0 0 154 1 1 1 1 1 1 1 0 1 1 0 1 172 172 1 0 1 0 1 0 1 1 1 1 0 1 0 0 1 1 0 0 192 0 192 0 0 0 0 0 192 0 0 0 0 0 0 0 0 0 0 50 192 1 0 1 
111111111111111111111111111111111111111111111111150111111111111111111111111111111111111111111111111111111111111111111111111111111111111111111111111111
1 0 1 1 154 1 0 0 0 154 1 1 1 1 1 1 1 0 1 1 0 1 172 172 1 0 1 0 1 0 1 1 1 1 0 1 0 0 1 1 0 0 192 0 0 0 0 0 1 0 192 0 0 0 0 0 0 0 0 0 0 50 0 1 0 1

CDBSCAN
111111111111111111111111111111111111111111111111101111111111111111111111111111111111111111111111111111111111111111111111111111111111111111111111111111
01102001011211210210102101010121101001100000000000000000000010101
111111111111111111111111111111111111111111111111101111111111111111111111111111111111111111111111111111111111111111111111111111111111111111111111111111
01102001011211210210102101010121101001100000001001000000000010101
111111111111111111111111111111111111111111111111101111111111111111111111111111111111111111111111111111111111111111111111111111111111111111111111111111
01102001011211210210102101010121101001100000000000000000010010101
111111111111111111111111111111111111111111111111101111111111111111111111111111111111111111111111111111111111111111111111111111111111111111111111111111
01102001011211210210102101010121101001100000000000000000000010101
111111111111111111111111111111111111111111111111101111111111111111111111111111111111111111111111111111111111111111111111111111111111111111111111111111
01102001011211210211102101010121101001100000000000000000000010101
111111111111111111111111111111111111111111111111101111111111111111111111111111111111111111111111111111111111111111111111111111111111111111111111111111
01102001011211210210102101010121101001100000000100000000000010101
111111111111111111111111111111111111111111111111101111111111111111111111111111111111111111111111111111111111111111111111111111111111111111111111111111
01102001011211210210102101010121101001100000000100000000000010101
111111111111111111111111111111111111111111111111101111111111111111111111111111111111111111111111111111111111111111111111111111111111111111111111111111
01102001011211210210102101010121101001100000000000000000000010101
111111111111111111111111111111111111111111111111101111111111111111111111111111111111111111111111111111111111111111111111111111111111111111111111111111
01102001011211210210102101010120101001100000000000000000000010101
111111111111111111111111111111111111111111111111101111111111111111111111111111111111111111111111111111111111111111111111111111111111111111111111111111
01102001011211210210102101010121101001100000000100000000000010101

KM

10. 4ML + 6Cl

LACC
111111111111111111111111111111111111111111111111111111111111111111111111111111111111111111111111111111111111111111111111111111111111111111111111111111
21133321311311444413444444312144144561552566761565556767575615171
111111111111111111111111111111111111111111111111111111111111111111111111111111111111111111111111111111111111111111111111111111111111111111111111111111
21133321313331313313333131312131133451144454551454441544465554111
111111111111111111111111111111111111111111111111111111111111111111111111111111111111111111111111111111111111111111111111111111111111111111111111111111
21133321313331313313133131312131133454142454651454426446564512161
111111111111111111111111111111111111111111111111111111111111111111111111111111111111111111111111111111111111111111111111111111111111111111111111111111
21133321313331313313133131312131131451144455551454441445564562611
111111111111111111111111111111111111111111111111111111111111111111111111111111111111111111111111111111111111111111111111111111111111111111111111111111
21133321313331313313333331312133133141152544641545521544565652111
111111111111111111111111111111111111111111111111111111111111111111111111111111111111111111111111111111111111111111111111111111111111111111111111111111
21133321311311444413444444312144144561552566761565556767575615171
111111111111111111111111111111111111111111111111111111111111111111111111111111111111111111111111111111111111111111111111111111111111111111111111111111
21133321313331313313333131312131133451144454551454441544465554111
111111111111111111111111111111111111111111111111111111111111111111111111111111111111111111111111111111111111111111111111111111111111111111111111111111
21133321313331313313133131312131133454142454651454426446564512161
111111111111111111111111111111111111111111111111111111111111111111111111111111111111111111111111111111111111111111111111111111111111111111111111111111
21133321313331313313133131312131131451144455551454441445564562611
111111111111111111111111111111111111111111111111111111111111111111111111111111111111111111111111111111111111111111111111111111111111111111111111111111
21133321313331313313333331312133133141152544641545521544565652111


HCC
111111111111111111111111111111111111111111111111150111111111111111111111111111111111111111111111111111111111111111111111111111111111111111111111111111
1 0 1 1 154 1 0 0 0 154 1 1 1 1 1 1 1 0 1 1 0 1 172 172 1 0 1 0 1 0 1 1 1 1 0 1 0 0 1 1 0 0 192 0 0 0 0 0 0 0 192 0 0 0 192 0 0 0 0 0 0 50 0 1 0 1 
111111111111111111111111111111111111111111111111150111111111111111111111111111111111111111111111111111111111111111111111111111111111111111111111111111
1 0 1 1 154 1 0 0 0 154 1 1 1 1 1 1 1 0 1 1 0 1 172 172 1 0 1 0 1 0 1 1 1 1 0 1 0 0 1 1 0 50 192 0 0 192 0 0 0 0 192 0 0 0 0 0 0 0 0 0 0 50 0 1 0 1 
111111111111111111111111111111111111111111111111150111111111111111111111111111111111111111111111111111111111111111111111111111111111111111111111111111
1 0 1 1 154 155 0 0 0 154 1 155 155 155 1 155 1 0 155 1 0 1 155 155 1 0 1 0 1 0 1 155 1 1 0 1 0 0 1 1 0 0 192 0 0 0 0 0 0 0 192 192 0 0 0 0 0 192 0 0 0 50 0 1 0 1 
111111111111111111111111111111111111111111111111111111111111111111111111111111111111111111111111111111111111111111111111111111111111111111111111111111
 0 1 1 154 1 0 0 0 154 1 1 1 1 1 1 1 0 1 1 0 1 1 1 1 0 1 0 1 0 1 1 1 1 0 1 0 0 1 1 0 0 192 0 0 192 0 0 0 0 192 192 0 0 0 0 0 0 0 1 0 1 0 1 0 1 
111111111111111111111111111111111111111111111111150111111111111111111111111111111111111111111111111111111111111111111111111111111111111111111111111111
1 0 1 1 154 1 0 0 0 154 1 1 1 1 1 1 1 0 1 1 0 1 1 1 1 0 1 0 1 0 1 1 1 1 0 1 0 0 1 1 50 0 50 0 0 0 0 0 0 0 50 50 0 0 50 0 0 0 0 0 0 50 0 1 0 1 
111111111111111111111111111111111111111111111111150111111111111111111111111111111111111111111111111111111111111111111111111111111111111111111111111111
1 0 1 1 154 1 0 0 0 154 1 1 1 1 1 1 1 0 1 1 0 1 172 172 1 0 1 0 1 0 1 1 1 1 0 1 0 0 1 1 0 0 192 0 0 0 0 0 0 0 192 0 0 0 192 0 0 0 0 0 0 50 0 1 0 1 
111111111111111111111111111111111111111111111111150111111111111111111111111111111111111111111111111111111111111111111111111111111111111111111111111111
1 0 1 1 154 1 0 0 0 154 1 1 1 1 1 1 1 0 1 1 0 1 172 172 1 0 1 0 1 0 1 1 1 1 0 1 0 0 1 1 0 50 192 0 0 192 0 0 0 0 192 0 0 0 0 0 0 0 0 0 0 50 0 1 0 1 
111111111111111111111111111111111111111111111111150111111111111111111111111111111111111111111111111111111111111111111111111111111111111111111111111111
1 0 1 1 154 155 0 0 0 154 1 155 155 155 1 155 1 0 155 1 0 1 155 155 1 0 1 0 1 0 1 155 1 1 0 1 0 0 1 1 0 0 192 0 0 0 0 0 0 0 192 192 0 0 0 0 0 192 0 0 0 50 0 1 0 1 
111111111111111111111111111111111111111111111111111111111111111111111111111111111111111111111111111111111111111111111111111111111111111111111111111111
 0 1 1 154 1 0 0 0 154 1 1 1 1 1 1 1 0 1 1 0 1 1 1 1 0 1 0 1 0 1 1 1 1 0 1 0 0 1 1 0 0 192 0 0 192 0 0 0 0 192 192 0 0 0 0 0 0 0 1 0 1 0 1 0 1 
111111111111111111111111111111111111111111111111150111111111111111111111111111111111111111111111111111111111111111111111111111111111111111111111111111
1 0 1 1 154 1 0 0 0 154 1 1 1 1 1 1 1 0 1 1 0 1 1 1 1 0 1 0 1 0 1 1 1 1 0 1 0 0 1 1 50 0 50 0 0 0 0 0 0 0 50 50 0 0 50 0 0 0 0 0 0 50 0 1 0 1 


CDBSCAN
111111111111111111111111111111111111111111111111101111111111111111111111111111111111111111111111111111111111111111111111111111111111111111111111111111
01102001011211210210102101010121101001000000000000000000000010101
111111111111111111111111111111111111111111111111101111111111111111111111111111111111111111111111111111111111111111111111111111111111111111111111111111
01102001011211210210102101010121101001101000000000000000000010101
111111111111111111111111111111111111111111111111101111111111111111111111111111111111111111111111111111111111111111111111111111111111111111111111111111
01102001011221210200102101010121101001100000000000000000000010101
111111111111111111111111111111111111111111111111101111111111111111111111111111111111111111111111111111111111111111111111111111111111111111111111111111
01102001011211210210102101010121101001100000000000000000001010101
111111111111111111111111111111111111111111111111101111111111111111111111111111111111111111111111111111111111111111111111111111111111111111111111111111
01102001011211210210102101010121101001110000000001000100000010101
111111111111111111111111111111111111111111111111101111111111111111111111111111111111111111111111111111111111111111111111111111111111111111111111111111
01102001011211210210102101010121101001000000000000000000000010101
111111111111111111111111111111111111111111111111101111111111111111111111111111111111111111111111111111111111111111111111111111111111111111111111111111
01102001011211210210102101010121101001101000000000000000000010101
111111111111111111111111111111111111111111111111101111111111111111111111111111111111111111111111111111111111111111111111111111111111111111111111111111
01102001011221210200102101010121101001100000000000000000000010101
111111111111111111111111111111111111111111111111101111111111111111111111111111111111111111111111111111111111111111111111111111111111111111111111111111
01102001011211210210102101010121101001100000000000000000001010101
111111111111111111111111111111111111111111111111101111111111111111111111111111111111111111111111111111111111111111111111111111111111111111111111111111
01102001011211210210102101010121101001110000000001000100000010101


15. 5ML + 10Cl
LACC
111111111111111111111111111111111111111111111111111111111111111111111111111111111111111111111111111111111111111111111111111111111111111111111111111111
21133321313311313313333111312133133454142455651454441555464554661
111111111111111111111111111111111111111111111111111111111111111111111111111111111111111111111111111111111111111111111111111111111111111111111111111111
21133321313331313313133133332131133451144455651454421444564514111
111111111111111111111111111111111111111111111111111111111111111111111111111111111111111111111111111111111111111111111111111111111111111111111111111111
21133321313333313333133133313133133141152544641545521545565412131
111111111111111111111111111111111111111111111111111111111111111111111111111111111111111111111111111111111111111111111111111111111111111111111111111111
21133321311331313313133131312131131451444455551445545445564545111
111111111111111111111111111111111111111111111111111111111111111111111111111111111111111111111111111111111111111111111111111111111111111111111111111111
21133321313331313313133131312131131451154455651455445555564664151
111111111111111111111111111111111111111111111111111111111111111111111111111111111111111111111111111111111111111111111111111111111111111111111111111111
21133321313311313313333111312133133454142455651454441555464554661
111111111111111111111111111111111111111111111111111111111111111111111111111111111111111111111111111111111111111111111111111111111111111111111111111111
21133321313331313313133133332131133451144455651454421444564514111
111111111111111111111111111111111111111111111111111111111111111111111111111111111111111111111111111111111111111111111111111111111111111111111111111111
21133321313333313333133133313133133141152544641545521545565412131
111111111111111111111111111111111111111111111111111111111111111111111111111111111111111111111111111111111111111111111111111111111111111111111111111111
21133321311331313313133131312131131451444455551445545445564545111
111111111111111111111111111111111111111111111111111111111111111111111111111111111111111111111111111111111111111111111111111111111111111111111111111111
21133321313331313313133131312131131451154455651455445555564664151


HCC
111111111111111111111111111111111111111111111111150111111111111111111111111111111111111111111111111111111111111111111111111111111111111111111111111111
1 0 1 1 154 1 0 0 0 154 1 1 1 1 1 1 1 0 1 1 0 1 1 1 1 0 1 0 1 0 1 1 1 1 0 1 0 0 1 1 50 0 192 0 0 0 0 0 0 1 192 192 0 0 1 0 0 0 0 0 0 50 0 1 0 1 
111111111111111111111111111111111111111111111111150111111111111111111111111111111111111111111111111111111111111111111111111111111111111111111111111111
1 0 1 1 154 1 0 0 0 154 1 1 1 1 1 1 1 1 1 1 0 1 1 1 1 0 1 1 1 0 1 1 1 1 0 1 0 0 1 1 0 0 192 0 0 0 0 0 0 0 192 192 0 0 0 0 0 0 0 0 0 50 0 1 0 1 
111111111111111111111111111111111111111111111111150111111111111111111111111111111111111111111111111111111111111111111111111111111111111111111111111111
1 0 1 1 1 1 1 0 1 1 1 1 1 1 1 1 1 0 1 1 1 1 1 1 1 1 1 1 1 1 1 1 1 1 1 1 0 0 1 1 0 0 192 0 0 0 0 0 0 0 192 192 0 0 0 0 0 0 0 0 0 50 0 1 0 1 
111111111111111111111111111111111111111111111111150111111111111111111111111111111111111111111111111111111111111111111111111111111111111111111111111111
1 0 1 1 154 1 0 0 0 154 1 1 1 1 1 1 1 0 1 1 0 1 1 1 1 0 1 0 1 0 1 1 1 1 0 1 1 0 1 1 0 0 192 0 192 192 0 0 0 1 192 192 1 192 0 0 0 192 0 0 0 50 0 1 0 1 
111111111111111111111111111111111111111111111111150111111111111111111111111111111111111111111111111111111111111111111111111111111111111111111111111111
1 0 1 1 154 1 0 0 0 154 1 1 1 1 1 1 1 0 1 1 0 1 1 1 1 0 1 0 1 0 1 1 1 1 0 1 0 0 0 1 0 0 192 192 0 0 0 0 0 0 192 192 0 0 0 0 0 0 50 0 192 50 0 1 0 1 
111111111111111111111111111111111111111111111111150111111111111111111111111111111111111111111111111111111111111111111111111111111111111111111111111111
1 0 1 1 154 1 0 0 0 154 1 1 1 1 1 1 1 0 1 1 0 1 1 1 1 0 1 0 1 0 1 1 1 1 0 1 0 0 1 1 50 0 192 0 0 0 0 0 0 1 192 192 0 0 1 0 0 0 0 0 0 50 0 1 0 1 
111111111111111111111111111111111111111111111111150111111111111111111111111111111111111111111111111111111111111111111111111111111111111111111111111111
1 0 1 1 154 1 0 0 0 154 1 1 1 1 1 1 1 1 1 1 0 1 1 1 1 0 1 1 1 0 1 1 1 1 0 1 0 0 1 1 0 0 192 0 0 0 0 0 0 0 192 192 0 0 0 0 0 0 0 0 0 50 0 1 0 1 
111111111111111111111111111111111111111111111111150111111111111111111111111111111111111111111111111111111111111111111111111111111111111111111111111111
1 0 1 1 1 1 1 0 1 1 1 1 1 1 1 1 1 0 1 1 1 1 1 1 1 1 1 1 1 1 1 1 1 1 1 1 0 0 1 1 0 0 192 0 0 0 0 0 0 0 192 192 0 0 0 0 0 0 0 0 0 50 0 1 0 1 
111111111111111111111111111111111111111111111111150111111111111111111111111111111111111111111111111111111111111111111111111111111111111111111111111111
1 0 1 1 154 1 0 0 0 154 1 1 1 1 1 1 1 0 1 1 0 1 1 1 1 0 1 0 1 0 1 1 1 1 0 1 1 0 1 1 0 0 192 0 192 192 0 0 0 1 192 192 1 192 0 0 0 192 0 0 0 50 0 1 0 1 
111111111111111111111111111111111111111111111111150111111111111111111111111111111111111111111111111111111111111111111111111111111111111111111111111111
1 0 1 1 154 1 0 0 0 154 1 1 1 1 1 1 1 0 1 1 0 1 1 1 1 0 1 0 1 0 1 1 1 1 0 1 0 0 0 1 0 0 192 192 0 0 0 0 0 0 192 192 0 0 0 0 0 0 50 0 192 50 0 1 0 1 


CDBSCAN
111111111111111111111111111111111111111111111111101111111111111111111111111111111111111111111111111111111111111111111111111111111111111111111111111111
01102000011211210210102101010121101001110000000010000100000010101
111111111111111111111111111111111111111111111111101111111111111111111111111111111111111111111111111111111111111111111111111111111111111111111111111111
01100001011111011010100101110101101001100000000000000000000010101
111111111111111111111111111111111111111111111111101111111111111111111111111111111111111111111111111111111111111111111111111111111111111111111111111111
01102101111211210112112121111121111001100000000000000000000010101
111111111111111111111111111111111111111111111111101111111111111111111111111111111111111111111111111111111111111111111111111111111111111111111111111111
01102001011211210210102101010121101101100000000010010000000000101
111111111111111111111111111111111111111111111111101111111111111111111111111111111111111111111111111111111111111111111111111111111111111111111111111111
0
1102001011210210210102101010121101001110000000000001110100000111
111111111111111111111111111111111111111111111111101111111111111111111111111111111111111111111111111111111111111111111111111111111111111111111111111111
01102000011211210210102101010121101001110000000010000100000010101
111111111111111111111111111111111111111111111111101111111111111111111111111111111111111111111111111111111111111111111111111111111111111111111111111111
01100001011111011010100101110101101001100000000000000000000010101
111111111111111111111111111111111111111111111111101111111111111111111111111111111111111111111111111111111111111111111111111111111111111111111111111111
01102101111211210112112121111121111001100000000000000000000010101
111111111111111111111111111111111111111111111111101111111111111111111111111111111111111111111111111111111111111111111111111111111111111111111111111111
01102001011211210210102101010121101101100000000010010000000000101
111111111111111111111111111111111111111111111111101111111111111111111111111111111111111111111111111111111111111111111111111111111111111111111111111111
01102001011210210210102101010121101001110000000000001110100000111



20. 10ML + 10Cl
LACC
111111111111111111111111111111111111111111111111111111111111111111111111111111111111111111111111111111111111111111111111111111111111111111111111111111
21133321313331313313133131312133133451144454661454466444644512161
111111111111111111111111111111111111111111111111111111111111111111111111111111111111111111111111111111111111111111111111111111111111111111111111111111
21133321311331313313133131312131133451144445655444655455464542151
111111111111111111111111111111111111111111111111111111111111111111111111111111111111111111111111111111111111111111111111111111111111111111111111111111
21133321313331313313133131312131133451144455454454545455564512651
111111111111111111111111111111111111111111111111111111111111111111111111111111111111111111111111111111111111111111111111111111111111111111111111111111
21133321313331313313133131312131133451144455651654541455664616511
111111111111111111111111111111111111111111111111111111111111111111111111111111111111111111111111111111111111111111111111111111111111111111111111111111
21133321313331313313133331312131133451154455551454545445555512151
111111111111111111111111111111111111111111111111111111111111111111111111111111111111111111111111111111111111111111111111111111111111111111111111111111
21133321313331313313133131312133133451144454661454466444644512161
111111111111111111111111111111111111111111111111111111111111111111111111111111111111111111111111111111111111111111111111111111111111111111111111111111
21133321311331313313133131312131133451144445655444655455464542151
111111111111111111111111111111111111111111111111111111111111111111111111111111111111111111111111111111111111111111111111111111111111111111111111111111
21133321313331313313133131312131133451144455454454545455564512651
111111111111111111111111111111111111111111111111111111111111111111111111111111111111111111111111111111111111111111111111111111111111111111111111111111
21133321313331313313133131312131133451144455651654541455664616511
111111111111111111111111111111111111111111111111111111111111111111111111111111111111111111111111111111111111111111111111111111111111111111111111111111
21133321313331313313133331312131133451154455551454545445555512151


HCC
111111111111111111111111111111111111111111111111150111111111111111111111111111111111111111111111111111111111111111111111111111111111111111111111111111
1 0 1 1 154 1 0 0 0 154 1 1 1 1 1 1 1 0 1 1 0 1 1 1 1 0 1 0 1 0 1 1 1 1 0 1 0 0 1 1 0 0 192 1 0 0 0 0 0 0 192 192 0 0 0 0 0 0 0 0 0 50 0 1 0 1 
111111111111111111111111111111111111111111111111150111111111111111111111111111111111111111111111111111111111111111111111111111111111111111111111111111
1 0 1 1 154 1 0 0 0 154 1 1 1 1 1 1 1 0 1 1 0 1 1 1 1 0 1 0 1 0 1 1 1 1 0 1 50 0 1 1 0 0 192 50 0 192 0 0 50 50 192 192 0 0 0 0 0 50 0 50 0 50 0 1 0 1 
111111111111111111111111111111111111111111111111111111111111111111111111111111111111111111111111111111111111111111111111111111111111111111111111111111
 0 1 1 154 1 0 0 0 154 1 1 1 1 1 1 1 0 1 1 0 1 1 1 1 0 1 0 1 0 1 1 1 1 0 1 0 187 1 1 0 0 187 187 0 0 1 0 0 0 187 187 0 187 0 0 0 187 0 0 0 1 0 1 0 1 
111111111111111111111111111111111111111111111111150111111111111111111111111111111111111111111111111111111111111111111111111111111111111111111111111111
1 0 1 1 154 1 0 0 0 154 1 1 1 1 1 1 1 0 1 1 0 1 1 1 1 0 1 0 1 0 1 1 1 1 0 1 0 0 1 1 0 0 1 0 0 0 1 0 0 0 1 1 0 0 0 0 0 0 0 0 0 50 1 1 0 1 
111111111111111111111111111111111111111111111111150111111111111111111111111111111111111111111111111111111111111111111111111111111111111111111111111111
1 0 1 1 154 1 0 0 0 154 1 1 1 1 1 1 1 0 1 1 0 1 1 1 1 0 1 0 1 0 1 1 1 1 0 1 0 0 0 1 0 0 192 0 0 0 0 0 192 0 192 192 0 0 0 0 192 192 0 0 0 50 0 1 0 1 
111111111111111111111111111111111111111111111111150111111111111111111111111111111111111111111111111111111111111111111111111111111111111111111111111111
1 0 1 1 154 1 0 0 0 154 1 1 1 1 1 1 1 0 1 1 0 1 1 1 1 0 1 0 1 0 1 1 1 1 0 1 0 0 1 1 0 0 192 1 0 0 0 0 0 0 192 192 0 0 0 0 0 0 0 0 0 50 0 1 0 1 
111111111111111111111111111111111111111111111111150111111111111111111111111111111111111111111111111111111111111111111111111111111111111111111111111111
1 0 1 1 154 1 0 0 0 154 1 1 1 1 1 1 1 0 1 1 0 1 1 1 1 0 1 0 1 0 1 1 1 1 0 1 50 0 1 1 0 0 192 50 0 192 0 0 50 50 192 192 0 0 0 0 0 50 0 50 0 50 0 1 0 1 
111111111111111111111111111111111111111111111111111111111111111111111111111111111111111111111111111111111111111111111111111111111111111111111111111111
 0 1 1 154 1 0 0 0 154 1 1 1 1 1 1 1 0 1 1 0 1 1 1 1 0 1 0 1 0 1 1 1 1 0 1 0 187 1 1 0 0 187 187 0 0 1 0 0 0 187 187 0 187 0 0 0 187 0 0 0 1 0 1 0 1 
111111111111111111111111111111111111111111111111150111111111111111111111111111111111111111111111111111111111111111111111111111111111111111111111111111
1 0 1 1 154 1 0 0 0 154 1 1 1 1 1 1 1 0 1 1 0 1 1 1 1 0 1 0 1 0 1 1 1 1 0 1 0 0 1 1 0 0 1 0 0 0 1 0 0 0 1 1 0 0 0 0 0 0 0 0 0 50 1 1 0 1 
111111111111111111111111111111111111111111111111150111111111111111111111111111111111111111111111111111111111111111111111111111111111111111111111111111
1 0 1 1 154 1 0 0 0 154 1 1 1 1 1 1 1 0 1 1 0 1 1 1 1 0 1 0 1 0 1 1 1 1 0 1 0 0 0 1 0 0 192 0 0 0 0 0 192 0 192 192 0 0 0 0 192 192 0 0 0 50 0 1 0 1 


CDBSCAN
111111111111111111111111111111111111111111111111101111111111111111111111111111111111111111111111111111111111111111111111111111111111111111111111111111
01102001011211210210102101010121101001100010000000000000000010101
111111111111111111111111111111111111111111111111101111111111111111111111111111111111111111111111111111111111111111111111111111111111111111111111111111
01102001011221210210102101010121101101100010000110000000101010101
111111111111111111111111111111111111111111111111101111111111111111111111111111111111111111111111111111111111111111111111111111111111111111111111111111
01102001011211210210102101010121101001100000010000000000000010101
111111111111111111111111111111111111111111111111101111111111111111111111111111111111111111111111111111111111111111111111111111111111111111111111111111
01102001011211210210102101010121101001100100010000100000000010101
111111111111111111111111111111111111111111111111101111111111111111111111111111111111111111111111111111111111111111111111111111111111111111111111111111
01102001011211210210102101010121101001110000100000000000000010101
111111111111111111111111111111111111111111111111101111111111111111111111111111111111111111111111111111111111111111111111111111111111111111111111111111
01102001011211210210102101010121101001100010000000000000000010101
111111111111111111111111111111111111111111111111101111111111111111111111111111111111111111111111111111111111111111111111111111111111111111111111111111
01102001011221210210102101010121101101100010000110000000101010101
111111111111111111111111111111111111111111111111101111111111111111111111111111111111111111111111111111111111111111111111111111111111111111111111111111
01102001011211210210102101010121101001100000010000000000000010101
111111111111111111111111111111111111111111111111101111111111111111111111111111111111111111111111111111111111111111111111111111111111111111111111111111
01102001011211210210102101010121101001100100010000100000000010101
111111111111111111111111111111111111111111111111101111111111111111111111111111111111111111111111111111111111111111111111111111111111111111111111111111
01102001011211210210102101010121101001110000100000000000000010101



25. 15ML + 10Cl
LACC
111111111111111111111111111111111111111111111111111111111111111111111111111111111111111111111111111111111111111111111111111111111111111111111111111111
21133321313331313313133131312133133451144455555455541555565555511
111111111111111111111111111111111111111111111111111111111111111111111111111111111111111111111111111111111111111111111111111111111111111111111111111111
21133331333333333333133331312131333141152544641545551545565412111
111111111111111111111111111111111111111111111111111111111111111111111111111111111111111111111111111111111111111111111111111111111111111111111111111111
21133321333333333313133331313331133451144455651454441454564512111
111111111111111111111111111111111111111111111111111111111111111111111111111111111111111111111111111111111111111111111111111111111111111111111111111111
21133331313331333333333133333133333451144455651454441445464512111
111111111111111111111111111111111111111111111111111111111111111111111111111111111111111111111111111111111111111111111111111111111111111111111111111111
21133321313331313313133131312133133451144455555455541555565555511
111111111111111111111111111111111111111111111111111111111111111111111111111111111111111111111111111111111111111111111111111111111111111111111111111111
21133331333333333333133331312131333141152544641545551545565412111
111111111111111111111111111111111111111111111111111111111111111111111111111111111111111111111111111111111111111111111111111111111111111111111111111111
21133321333333333313133331313331133451144455651454441454564512111
111111111111111111111111111111111111111111111111111111111111111111111111111111111111111111111111111111111111111111111111111111111111111111111111111111
21133331313331333333333133333133333451144455651454441445464512111
111111111111111111111111111111111111111111111111111111111111111111111111111111111111111111111111111111111111111111111111111111111111111111111111111111
21133331313331333333333133333133333451144455651454441445464512111
111111111111111111111111111111111111111111111111111111111111111111111111111111111111111111111111111111111111111111111111111111111111111111111111111111
21133321313331313313133131312133133451144455555455541555565555511


HCC
111111111111111111111111111111111111111111111111150111111111111111111111111111111111111111111111111111111111111111111111111111111111111111111111111111
1 0 1 1 154 1 0 0 0 154 1 1 1 1 1 1 1 0 1 1 0 1 1 1 1 0 1 0 1 0 1 1 1 1 0 1 0 1 1 50 0 0 1 1 0 1 1 0 0 0 1 1 0 0 1 1 0 0 0 0 1 50 50 1 0 1 
111111111111111111111111111111111111111111111111150111111111111111111111111111111111111111111111111111111111111111111111111111111111111111111111111111
1 0 1 1 1 1 1 1 1 1 1 1 1 1 1 1 1 1 1 1 0 1 1 1 1 1 1 0 1 0 1 1 1 1 0 1 0 0 1 1 0 0 192 0 0 0 0 0 0 0 192 192 0 0 0 0 0 0 0 0 0 50 0 1 0 1 
111111111111111111111111111111111111111111111111150111111111111111111111111111111111111111111111111111111111111111111111111111111111111111111111111111
1 0 1 1 1 1 1 1 1 1 1 1 1 1 1 1 1 0 1 1 1 1 1 1 1 1 1 0 1 1 1 1 1 1 1 1 0 0 1 1 0 0 192 0 0 0 0 0 0 0 192 192 0 0 0 0 0 0 0 0 0 50 0 1 0 1 
111111111111111111111111111111111111111111111111150111111111111111111111111111111111111111111111111111111111111111111111111111111111111111111111111111
1 0 1 1 1 1 1 1 0 1 1 1 1 1 1 1 1 1 1 1 1 1 1 1 1 1 1 1 1 1 1 1 1 1 0 1 0 0 1 1 0 0 192 0 0 0 0 0 0 0 192 192 0 0 0 0 0 0 0 0 0 50 0 1 0 1 
111111111111111111111111111111111111111111111111150111111111111111111111111111111111111111111111111111111111111111111111111111111111111111111111111111
1 0 1 1 154 1 0 0 0 154 1 1 1 1 1 1 1 0 1 1 0 1 1 1 1 0 1 0 1 0 1 1 1 1 0 1 0 1 1 50 0 0 1 1 0 1 1 0 0 0 1 1 0 0 1 1 0 0 0 0 1 50 50 1 0 1 
111111111111111111111111111111111111111111111111150111111111111111111111111111111111111111111111111111111111111111111111111111111111111111111111111111
1 0 1 1 1 1 1 1 1 1 1 1 1 1 1 1 1 1 1 1 0 1 1 1 1 1 1 0 1 0 1 1 1 1 0 1 0 0 1 1 0 0 192 0 0 0 0 0 0 0 192 192 0 0 0 0 0 0 0 0 0 50 0 1 0 1 
111111111111111111111111111111111111111111111111150111111111111111111111111111111111111111111111111111111111111111111111111111111111111111111111111111
1 0 1 1 1 1 1 1 1 1 1 1 1 1 1 1 1 0 1 1 1 1 1 1 1 1 1 0 1 1 1 1 1 1 1 1 0 0 1 1 0 0 192 0 0 0 0 0 0 0 192 192 0 0 0 0 0 0 0 0 0 50 0 1 0 1 
111111111111111111111111111111111111111111111111150111111111111111111111111111111111111111111111111111111111111111111111111111111111111111111111111111
1 0 1 1 1 1 1 1 0 1 1 1 1 1 1 1 1 1 1 1 1 1 1 1 1 1 1 1 1 1 1 1 1 1 0 1 0 0 1 1 0 0 192 0 0 0 0 0 0 0 192 192 0 0 0 0 0 0 0 0 0 50 0 1 0 1 
111111111111111111111111111111111111111111111111150111111111111111111111111111111111111111111111111111111111111111111111111111111111111111111111111111
1 0 1 1 154 1 0 0 0 154 1 1 1 1 1 1 1 0 1 1 0 1 1 1 1 0 1 0 1 0 1 1 1 1 0 1 0 1 1 50 0 0 1 1 0 1 1 0 0 0 1 1 0 0 1 1 0 0 0 0 1 50 50 1 0 1 
111111111111111111111111111111111111111111111111150111111111111111111111111111111111111111111111111111111111111111111111111111111111111111111111111111
1 0 1 1 1 1 1 1 1 1 1 1 1 1 1 1 1 1 1 1 0 1 1 1 1 1 1 0 1 0 1 1 1 1 0 1 0 0 1 1 0 0 192 0 0 0 0 0 0 0 192 192 0 0 0 0 0 0 0 0 0 50 0 1 0 1 



CDBSCAN
111111111111111111111111111111111111111111111111101111111111111111111111111111111111111111111111111111111111111111111111111111111111111111111111111111
01102001011211210210102101010121101001100010110000100100000111101
111111111111111111111111111111111111111111111111101111111111111111111111111111111111111111111111111111111111111111111111111111111111111111111111111111
01101111111111111110111111010111101001100000000000000000000010101
111111111111111111111111111111111111111111111111101111111111111111111111111111111111111111111111111111111111111111111111111111111111111111111111111111
01101111111111110111101111011111111001100000000000000000000010101
111111111111111111111111111111111111111111111111101111111111111111111111111111111111111111111111111111111111111111111111111111111111111111111111111111
01100111111111011011110111111101101001100000000000000000000010101
111111111111111111111111111111111111111111111111101111111111111111111111111111111111111111111111111111111111111111111111111111111111111111111111111111
01102001011211210210102101010121101001100010110000100100000111101
111111111111111111111111111111111111111111111111101111111111111111111111111111111111111111111111111111111111111111111111111111111111111111111111111111
01101111111111111110111111010111101001100000000000000000000010101
111111111111111111111111111111111111111111111111101111111111111111111111111111111111111111111111111111111111111111111111111111111111111111111111111111
01101111111111110111101111011111111001100000000000000000000010101
111111111111111111111111111111111111111111111111101111111111111111111111111111111111111111111111111111111111111111111111111111111111111111111111111111
01100111111111011011110111111101101001100000000000000000000010101
111111111111111111111111111111111111111111111111101111111111111111111111111111111111111111111111111111111111111111111111111111111111111111111111111111
01102001011211210210102101010121101001100010110000100100000111101
111111111111111111111111111111111111111111111111101111111111111111111111111111111111111111111111111111111111111111111111111111111111111111111111111111
01101111111111111110111111010111101001100000000000000000000010101


