1 35 3
1 46 5
1 47 6
1 49 6
1 55 6
2 9 6
2 10 7
2 23 5
2 30 5
2 42 5
2 47 4
2 49 5
2 55 5
3 14 5
3 18 3
3 27 6
3 51 5
3 53 7
4 6 7
4 11 6
4 15 6
4 32 6
5 40 4
5 69 6
5 79 4
5 137 3
5 156 4
5 169 6
5 174 5
5 175 5
6 11 6
6 15 6
6 32 6
6 54 3
7 8 6
7 12 5
7 16 5
7 28 6
7 31 6
7 52 5
7 58 5
7 59 6
8 16 6
8 17 6
8 28 6
8 31 6
8 59 6
9 10 6
9 23 6
9 30 6
9 39 5
9 42 6
9 47 3
9 49 4
10 23 5
10 30 5
10 42 5
10 47 4
10 49 5
10 55 5
11 15 7
11 19 7
11 32 7
12 17 6
12 28 6
12 31 6
12 50 7
12 52 7
12 58 7
12 59 6
13 16 7
14 18 5
14 27 4
14 51 7
14 53 5
14 56 4
15 19 7
15 32 7
17 28 6
17 31 6
17 50 6
17 58 6
17 59 6
18 35 4
18 38 5
18 43 4
18 51 5
18 56 6
19 32 7
20 25 6
20 26 6
20 37 3
20 71 4
20 145 7
20 146 6
20 176 6
20 177 7
21 22 6
21 40 6
21 41 3
21 79 5
21 142 6
22 40 5
22 41 3
22 69 4
22 142 7
22 169 4
22 175 5
23 24 5
23 30 7
23 39 6
23 42 7
23 49 3
24 30 5
24 33 5
24 39 6
24 42 5
24 48 5
25 26 6
25 71 4
25 145 6
25 146 6
25 158 2
25 176 6
25 177 6
26 41 3
26 145 6
26 146 7
26 176 7
26 177 6
27 34 3
27 51 4
27 53 6
28 31 7
28 52 6
28 58 6
28 59 7
29 36 7
29 37 4
29 45 5
29 57 2
29 75 5
29 96 4
29 158 5
30 39 6
30 42 7
31 52 6
31 58 6
31 59 7
33 39 4
33 48 7
33 57 4
33 74 6
34 53 2
35 38 6
35 43 6
35 46 5
35 56 5
36 45 5
36 57 2
36 75 5
36 96 4
36 158 5
37 45 6
37 71 6
37 75 6
37 145 3
37 158 6
38 43 6
38 46 4
38 51 3
38 56 5
39 42 6
40 41 2
40 69 5
40 79 6
40 169 5
40 175 4
41 142 3
41 146 3
41 176 3
43 46 5
43 47 3
43 56 4
44 61 7
44 66 6
44 110 5
44 136 4
44 154 6
44 162 6
44 164 6
44 168 5
45 71 5
45 75 6
45 158 6
46 47 5
46 49 4
46 55 4
47 49 6
47 55 6
48 57 4
48 74 6
49 55 7
50 52 7
50 58 7
51 53 5
51 56 4
52 58 7
52 59 6
57 74 5
57 96 5
58 59 6
60 68 4
60 85 5
60 107 4
60 143 5
60 161 6
60 166 6
60 171 6
61 66 6
61 110 5
61 136 4
61 154 6
61 162 6
61 164 6
61 168 5
62 80 4
62 86 7
62 92 6
62 103 4
62 114 4
62 128 4
62 172 3
63 83 5
63 121 6
63 148 5
63 149 2
63 155 4
63 160 4
63 165 4
63 170 4
64 72 6
64 76 4
64 98 6
64 100 5
64 104 7
64 114 3
64 116 5
64 147 7
65 95 5
65 118 4
65 119 4
65 123 6
65 127 6
65 129 4
66 105 4
66 110 6
66 154 7
66 162 5
66 164 6
66 168 5
67 68 4
67 87 5
67 93 5
67 107 4
67 108 3
67 117 5
68 84 3
68 93 3
68 107 7
68 117 3
69 79 5
69 169 7
69 174 4
69 175 6
70 79 4
71 75 5
71 145 4
71 158 5
71 177 4
72 77 2
72 98 5
72 100 6
72 104 6
72 116 6
72 147 6
73 80 3
73 91 5
73 92 3
73 108 4
73 128 5
73 157 5
73 172 6
74 96 3
75 158 7
76 86 2
76 98 5
76 103 5
76 104 4
76 114 5
76 147 4
76 153 6
77 100 3
77 115 7
77 116 3
77 119 4
77 124 6
77 125 6
77 126 5
78 151 5
78 152 2
79 169 5
80 86 4
80 92 5
80 122 6
80 128 5
80 152 3
80 172 4
81 94 7
81 106 7
81 109 7
82 101 5
82 137 5
82 156 4
82 174 3
83 90 7
83 121 4
83 135 2
83 148 5
83 149 2
83 160 5
83 165 4
84 85 5
84 107 3
84 138 5
84 143 5
84 161 6
84 166 6
84 171 6
85 132 6
85 138 7
85 143 7
85 161 6
85 166 6
85 171 6
86 92 6
86 103 4
86 114 4
86 128 4
87 91 4
87 93 6
87 108 5
87 117 6
87 157 4
88 102 7
88 111 5
88 120 7
88 130 5
88 133 5
88 139 4
88 144 5
88 178 5
89 105 5
89 110 6
89 136 5
89 168 7
90 148 5
90 160 5
91 93 4
91 108 6
91 117 4
91 128 3
91 157 7
91 172 4
92 103 3
92 114 3
92 128 5
92 172 4
93 107 3
93 108 5
93 117 7
93 157 4
94 106 7
94 109 7
94 112 6
95 106 4
95 112 5
95 118 6
95 123 4
95 127 6
95 129 6
97 131 6
97 170 5
98 103 3
98 104 6
98 114 4
98 116 4
98 147 6
99 105 4
99 135 4
99 149 4
99 159 6
99 173 6
100 104 5
100 115 3
100 116 7
100 147 5
101 136 4
101 137 4
101 156 3
101 167 2
102 111 5
102 120 7
102 130 5
102 133 5
102 139 4
102 144 5
102 178 5
103 114 6
103 153 6
104 114 3
104 116 5
104 147 7
105 110 5
105 154 4
105 168 5
105 173 3
106 109 7
106 112 6
106 118 5
106 129 5
107 117 3
107 161 3
107 166 3
108 117 5
108 157 6
108 172 3
109 112 6
109 118 5
109 129 5
110 154 6
110 164 5
110 168 6
111 120 5
111 133 7
111 144 6
111 150 6
111 163 5
111 178 7
112 118 6
112 127 4
112 129 6
113 121 4
113 134 5
113 140 3
113 141 5
113 148 4
113 160 5
113 165 6
115 116 3
115 119 4
115 124 6
115 125 6
115 126 5
116 147 5
117 157 4
118 123 3
118 127 5
118 129 7
119 123 5
119 124 5
119 125 5
119 126 6
119 127 3
120 130 5
120 133 5
120 139 4
120 144 5
120 178 5
121 148 6
121 155 3
121 160 5
121 165 5
121 170 5
122 152 3
123 124 3
123 125 3
123 126 4
123 127 5
124 125 7
124 126 6
125 126 6
126 127 2
127 129 5
128 157 3
128 172 6
130 139 6
130 140 2
130 141 2
131 155 3
131 170 6
132 138 6
132 143 6
132 150 0
133 144 6
133 150 6
133 163 5
133 178 7
134 140 5
134 141 6
134 165 4
135 149 7
135 155 3
135 159 4
135 173 4
136 167 4
136 168 5
137 156 6
137 174 5
138 143 7
138 161 6
138 166 6
138 171 6
139 140 3
139 141 2
139 163 5
140 141 5
140 163 2
141 160 3
141 165 4
142 175 5
143 161 6
143 166 6
143 171 6
144 150 6
144 178 6
145 146 6
145 176 6
145 177 7
146 176 7
146 177 6
148 155 2
148 160 6
148 165 5
149 155 3
149 159 4
149 173 4
150 178 6
151 152 3
154 162 5
154 164 6
154 168 5
155 170 4
156 169 3
156 174 6
156 175 3
157 172 4
159 164 2
159 173 7
160 165 6
161 166 7
161 171 7
162 164 5
162 167 6
163 178 5
166 171 7
169 174 4
169 175 6
174 175 4
176 177 6
