1 226 4
1 558 4
1 633 1
1 824 3
1 1058 4
2 215 1
2 1003 3
2 1060 1
2 1362 0
3 57 3
3 300 2
3 430 4
3 558 3
3 569 5
3 1228 2
3 1340 1
4 254 4
4 414 3
4 466 4
4 1041 3
4 1302 4
4 1304 5
4 1415 4
5 114 3
5 116 3
5 330 3
5 560 1
5 603 2
5 638 1
5 900 3
6 111 6
6 230 6
6 721 4
6 760 6
7 60 6
7 433 6
7 453 6
7 521 5
7 567 3
7 642 6
7 733 4
8 399 4
8 406 2
8 1263 2
8 1423 1
9 84 6
9 609 4
9 624 6
10 64 2
10 406 0
11 12 2
11 51 4
11 127 2
11 349 5
11 661 4
11 777 3
11 1197 5
12 543 2
12 1136 4
12 1423 1
13 757 1
13 887 3
13 1122 2
14 850 3
14 992 2
14 1239 4
15 302 2
15 568 1
15 1235 0
15 1476 3
16 157 2
16 182 2
16 656 2
16 909 3
16 1272 3
17 152 4
17 350 5
17 375 0
17 498 1
17 526 4
17 1252 3
17 1287 2
18 151 2
18 386 4
18 387 5
18 466 2
18 651 4
18 897 4
19 150 2
19 183 2
19 419 1
19 938 3
20 55 3
20 126 1
20 620 3
20 870 2
20 1073 1
20 1292 3
20 1342 4
20 1350 3
21 267 2
21 372 4
21 1066 4
21 1290 3
21 1372 2
22 563 1
22 920 4
22 1125 1
22 1135 3
22 1296 4
22 1348 1
23 37 3
23 88 2
23 229 3
23 288 2
23 550 4
23 755 4
23 1411 2
24 25 4
24 145 3
24 308 0
24 923 4
24 1216 0
24 1225 3
24 1264 5
24 1265 5
25 138 3
25 145 2
25 687 3
25 923 4
25 1044 1
25 1264 5
25 1265 6
26 78 3
26 81 1
26 194 5
26 455 3
26 531 4
26 549 3
26 921 4
26 1043 2
27 366 4
27 970 4
27 971 4
27 1415 3
28 414 2
28 466 2
28 622 4
28 759 3
28 910 3
28 1301 2
28 1302 4
28 1331 4
29 620 5
30 327 4
30 425 3
30 746 3
30 1451 3
31 469 1
31 780 3
31 1309 5
32 502 5
32 1455 3
33 304 4
34 629 5
34 673 4
35 234 1
35 635 5
35 1355 4
35 1437 4
35 1457 5
36 97 3
36 213 4
36 581 1
36 755 2
36 1411 3
36 1437 2
37 199 4
37 229 5
37 332 0
37 512 3
37 550 4
37 562 3
38 64 4
38 278 2
38 431 3
38 770 3
39 201 1
39 850 2
39 860 3
39 1374 3
40 189 1
40 429 1
40 619 3
40 631 1
40 652 2
40 1084 3
40 1255 3
41 282 4
41 293 2
41 496 5
41 720 4
41 792 2
41 1480 2
42 70 0
42 364 6
42 506 4
42 552 3
42 1108 2
42 1462 2
43 49 2
43 199 3
43 512 4
44 112 2
44 325 4
44 341 2
44 517 3
44 811 3
44 1203 1
44 1406 2
44 1420 4
45 127 2
45 179 2
45 322 4
45 428 3
45 543 4
45 805 4
45 828 3
46 675 2
46 753 2
46 927 0
46 1027 1
46 1028 1
47 713 3
47 1144 4
48 105 3
48 613 0
48 648 4
48 1011 3
48 1035 3
48 1405 5
49 332 4
49 1186 1
50 368 2
50 532 1
51 92 2
51 349 5
51 661 4
51 1197 5
52 534 3
52 717 2
52 883 1
52 1105 3
52 1113 2
52 1416 3
52 1460 3
53 90 1
53 130 1
53 584 2
53 636 1
53 675 2
54 511 2
54 607 2
54 735 3
54 810 3
54 910 1
54 913 3
54 943 6
54 950 3
55 56 6
55 143 5
55 620 2
55 898 4
55 1285 3
55 1342 4
55 1350 4
56 143 4
56 472 2
56 898 5
56 1285 4
56 1342 3
56 1350 4
57 430 2
57 1474 2
58 239 4
58 868 1
58 1369 2
59 141 4
59 231 3
59 278 2
59 858 3
59 879 3
59 957 4
59 1335 3
59 1348 3
60 74 6
60 433 6
60 453 6
60 521 6
60 548 4
60 642 5
60 733 4
61 330 5
61 603 5
62 253 2
62 499 0
62 523 4
62 658 3
62 1149 4
63 479 6
63 657 2
63 1181 4
63 1231 1
63 1245 4
63 1246 3
63 1291 3
64 431 3
64 730 3
65 1034 2
65 1309 3
65 1332 1
66 388 1
66 491 3
66 724 2
66 763 2
66 1153 6
67 190 2
67 298 2
67 392 3
67 744 3
68 246 2
68 268 4
68 398 3
68 451 4
68 726 2
68 1327 3
68 1341 3
68 1353 4
69 216 3
69 328 3
69 611 4
69 1056 3
69 1242 2
69 1354 5
69 1458 3
70 306 4
70 327 5
70 1387 4
71 769 1
71 1311 2
71 1312 3
71 1314 0
71 1325 1
72 189 3
72 491 4
72 663 2
72 724 3
73 195 2
73 212 1
73 761 2
73 851 3
74 433 6
74 453 6
74 521 6
74 548 4
74 608 5
74 642 4
74 733 4
75 547 4
75 772 4
75 922 4
75 951 3
75 996 1
75 1104 4
76 403 3
76 784 3
77 134 4
77 391 5
77 631 2
77 652 0
77 671 3
77 1220 2
77 1240 3
78 184 1
78 194 4
78 196 2
78 494 2
78 549 2
78 681 2
80 184 5
80 549 4
80 560 4
80 1005 2
80 1048 3
80 1088 2
81 118 4
81 218 3
81 480 1
81 518 2
81 531 2
81 784 4
81 994 3
82 452 5
82 458 6
82 1005 5
83 536 4
84 609 3
84 624 7
84 626 2
84 1025 4
84 1026 4
85 176 5
85 320 5
85 559 6
85 610 6
85 1390 6
87 446 3
87 450 3
87 470 0
87 1042 4
87 1124 4
87 1321 1
87 1418 2
88 496 1
88 512 3
88 792 2
88 1266 2
89 757 1
89 1204 2
89 1246 1
90 114 1
90 673 0
90 954 1
90 1002 0
91 130 2
91 232 2
91 673 1
92 661 2
92 1135 2
92 1163 2
93 141 2
93 262 4
93 516 5
93 858 1
93 879 1
93 1093 2
93 1257 3
93 1259 3
94 113 1
94 146 3
94 1224 3
94 1436 3
95 269 0
95 791 5
95 1003 4
96 101 2
96 144 4
96 1203 4
97 213 2
97 1143 0
98 192 4
98 206 4
98 347 1
98 493 1
98 514 4
98 1351 2
98 1441 2
99 191 3
99 792 3
99 1266 3
99 1268 3
99 1355 2
99 1421 2
99 1457 3
100 133 2
101 333 3
101 432 3
101 1362 2
101 1406 1
102 166 2
102 286 4
102 447 1
102 672 1
102 710 2
102 1124 1
102 1408 4
104 692 2
104 1036 4
105 777 3
105 920 2
105 1012 4
105 1013 4
105 1032 4
105 1405 5
106 222 2
106 448 5
106 449 5
106 570 4
106 1386 2
106 1406 3
106 1420 1
106 1434 3
107 156 4
107 373 3
107 519 3
107 551 1
107 751 4
107 1070 3
107 1282 3
107 1337 3
108 135 4
108 186 6
108 187 5
108 505 6
108 575 4
108 847 4
109 569 5
109 998 1
110 215 1
110 912 2
110 1430 4
111 230 6
111 760 7
112 321 2
112 325 2
112 517 4
112 716 1
112 1313 2
112 1363 3
112 1366 3
113 146 3
113 355 3
113 1036 3
113 1075 2
114 330 4
114 480 0
114 603 3
114 1096 3
115 1080 3
116 403 4
116 567 2
116 638 3
116 653 3
116 829 2
116 900 4
117 602 6
117 1119 4
117 1143 5
118 207 2
118 218 2
118 518 4
118 784 4
118 829 1
118 994 4
119 662 0
120 727 4
120 1472 5
121 192 2
121 205 3
121 1393 4
121 1441 3
122 142 2
122 452 0
122 456 1
122 627 1
122 652 1
122 1255 1
123 160 4
123 602 3
123 625 4
123 1143 3
123 1186 3
124 201 0
124 636 1
124 680 1
124 1220 2
125 415 0
125 863 4
125 1065 4
125 1439 1
126 527 3
126 822 3
126 870 4
126 885 3
126 1130 3
126 1474 2
127 543 4
127 661 2
127 751 1
127 805 3
128 175 2
128 440 4
128 1461 4
129 268 1
129 386 4
129 451 3
130 852 3
130 947 2
130 1027 1
130 1028 1
130 1481 2
131 527 2
131 664 4
131 667 5
131 822 2
131 1094 4
131 1130 3
131 1341 1
131 1475 5
132 148 1
132 679 1
132 815 2
133 597 2
133 969 2
134 557 2
134 583 4
134 627 1
134 671 4
134 1220 4
134 1238 3
134 1240 4
135 186 4
135 187 5
135 575 5
135 775 3
135 895 2
135 1267 1
136 463 4
136 686 2
136 945 4
136 959 3
136 1190 1
136 1371 4
137 893 2
137 1113 3
138 246 0
138 356 3
138 1264 4
139 358 4
139 438 5
139 439 3
139 758 5
139 841 4
139 949 2
139 1256 2
139 1261 2
141 365 4
141 858 3
141 879 3
141 957 4
141 1254 1
142 456 4
142 557 3
142 671 4
142 850 4
142 894 3
142 1238 5
142 1240 4
143 898 4
144 688 3
144 952 1
144 1112 1
144 1203 4
145 356 5
145 895 3
145 1151 3
145 1225 5
145 1264 4
145 1267 2
147 151 4
147 223 3
147 386 3
147 387 3
147 897 3
147 1167 3
148 884 3
148 1002 1
149 555 3
149 876 2
150 183 2
150 372 3
150 401 4
150 465 4
150 701 5
151 386 3
151 387 3
151 500 2
151 1038 0
151 1326 2
152 423 1
152 586 0
152 1252 3
152 1287 2
152 1483 0
153 169 3
153 962 1
153 1231 4
154 399 2
154 845 2
154 864 2
154 865 2
155 215 2
155 376 3
155 634 4
155 1060 4
155 1230 2
155 1399 1
155 1417 3
156 258 4
156 519 5
156 658 2
156 903 3
157 267 3
157 365 1
157 744 1
157 909 3
158 785 3
159 329 2
159 457 3
159 734 4
159 1083 4
159 1092 2
160 1186 4
161 162 7
161 684 2
161 1283 2
161 1284 2
162 684 2
162 1283 2
162 1284 2
163 500 2
163 571 2
163 737 1
163 748 2
163 830 2
163 881 3
163 1089 4
164 385 4
164 412 0
164 700 2
164 892 2
164 1360 3
165 274 3
165 585 4
165 763 2
165 796 2
165 1100 2
166 190 1
166 286 1
167 297 1
167 528 4
167 1124 1
167 1135 2
167 1188 2
168 443 6
168 508 2
168 803 5
168 1382 3
169 962 3
169 1191 3
169 1454 3
170 794 0
171 352 1
171 886 3
171 940 4
171 959 1
171 1322 1
172 791 2
172 1445 2
172 1459 4
173 462 2
173 706 2
173 764 2
173 1476 1
173 1477 1
174 311 4
174 361 4
174 1317 7
174 1318 2
174 1349 3
174 1465 4
176 251 6
176 559 6
176 593 6
176 610 6
176 721 6
176 1389 6
176 1390 6
177 490 2
177 707 3
177 1134 0
177 1375 2
178 675 0
178 855 2
178 993 1
179 322 3
179 674 2
179 828 3
179 871 2
179 930 1
179 958 1
180 210 4
180 434 3
180 653 4
180 900 2
181 248 1
182 880 2
182 1148 2
182 1272 2
183 383 2
183 938 2
183 1041 2
183 1303 3
184 549 3
184 560 4
184 921 3
184 1048 4
184 1461 4
186 187 6
186 505 5
186 575 4
186 847 4
186 1102 4
186 1335 1
187 505 4
187 575 4
187 775 2
187 1102 5
188 683 2
188 1205 2
189 725 2
189 810 1
189 866 0
189 1310 2
189 1477 1
190 683 4
190 1054 3
191 282 3
191 635 5
191 720 3
191 792 2
191 1355 5
191 1437 3
191 1457 4
192 206 3
192 514 3
192 1067 2
192 1393 2
192 1441 4
193 431 3
193 727 1
193 730 3
193 944 3
193 1056 1
193 1325 3
193 1458 3
194 681 1
194 894 0
195 400 3
195 761 2
196 207 3
196 494 4
196 1046 4
197 612 5
197 621 3
197 625 1
197 627 4
197 732 2
198 199 4
198 485 5
198 595 3
198 1300 2
199 229 3
199 288 2
199 485 4
199 512 4
200 486 5
200 1112 5
200 1419 1
200 1432 2
202 487 6
202 669 3
202 948 4
202 981 5
202 982 6
203 480 2
203 531 2
203 561 5
203 566 4
203 641 5
203 643 4
203 1180 4
205 295 2
205 863 2
205 1344 1
205 1403 1
205 1441 1
206 416 4
206 514 4
206 1067 2
206 1247 2
206 1351 3
207 494 5
207 518 5
207 536 4
207 621 2
207 1046 5
209 212 2
209 638 3
210 582 4
212 638 3
212 894 2
213 820 0
213 979 2
213 980 2
213 1411 5
213 1437 2
214 316 0
214 725 2
214 818 4
214 1081 1
214 1368 4
215 912 2
215 1060 2
216 454 2
216 461 2
216 611 3
216 1354 2
217 234 4
217 235 4
217 749 3
217 1085 4
217 1210 5
218 890 2
219 1037 4
219 1209 3
219 1268 4
219 1269 6
219 1370 2
219 1387 6
220 305 6
220 396 3
220 489 7
220 507 5
220 708 4
220 740 6
220 1078 4
221 699 0
221 819 1
222 341 4
222 731 2
222 1321 1
222 1361 4
222 1386 4
222 1434 2
223 500 3
223 571 3
223 1038 1
223 1167 3
223 1235 2
224 225 3
224 227 4
224 827 5
224 1007 3
224 1008 3
224 1127 5
225 363 0
225 854 2
225 1007 3
225 1008 3
225 1162 2
226 289 6
226 291 5
226 294 5
226 300 4
226 473 5
226 1058 6
226 1087 6
227 1127 4
228 253 1
229 288 5
229 550 5
229 562 4
229 1403 5
230 760 6
230 1146 4
231 278 4
231 816 0
231 846 1
231 957 2
231 1236 3
231 1348 3
232 852 3
232 862 3
233 481 3
233 783 3
233 795 2
233 856 5
233 1345 3
234 235 4
234 1209 2
234 1421 2
234 1438 4
235 1210 5
235 1438 2
236 362 4
236 825 4
236 1190 0
237 238 7
237 240 5
237 243 4
237 1283 4
237 1284 5
238 240 5
238 243 4
238 1283 4
238 1284 5
239 725 1
239 1011 2
240 243 3
240 1284 3
241 308 2
241 482 1
241 739 2
241 895 3
241 1267 3
241 1469 3
242 246 2
242 357 3
242 592 2
242 931 3
242 1341 3
244 417 1
244 855 4
244 915 3
245 397 1
245 1156 3
246 451 2
246 726 2
246 931 3
246 946 1
246 1055 1
247 266 3
247 346 0
247 590 3
249 411 4
249 444 4
249 486 3
249 1401 3
250 331 4
250 445 7
250 542 4
250 545 4
250 1042 1
250 1229 3
251 559 5
251 593 7
251 610 5
251 721 6
251 1146 5
251 1389 7
251 1390 5
252 260 0
252 269 2
252 537 4
252 663 3
252 1004 5
252 1292 2
253 1149 3
254 383 2
254 414 4
254 1041 5
254 1302 3
254 1303 2
254 1304 3
255 906 3
255 1071 5
255 1114 4
255 1192 3
255 1399 4
255 1427 3
257 402 2
257 841 1
257 886 2
257 995 3
257 1099 2
257 1136 1
258 373 3
258 519 4
258 658 3
258 817 1
259 1280 5
259 1379 3
260 421 5
260 877 5
260 896 5
260 1169 3
260 1172 5
261 719 3
261 961 3
261 1149 4
261 1262 0
262 516 3
262 714 2
262 1093 3
263 378 2
263 522 3
263 939 1
264 413 4
264 427 5
264 591 3
264 905 3
264 1050 5
264 1140 4
265 669 3
265 694 2
265 915 2
266 440 2
266 590 5
266 632 3
266 785 3
267 782 3
267 903 3
267 909 2
267 1242 2
267 1282 4
268 451 5
268 1353 4
269 663 2
269 1004 2
270 404 1
270 573 3
270 659 2
270 1068 1
270 1148 1
273 1107 2
274 585 3
274 796 3
274 910 2
274 1073 3
274 1100 4
274 1331 1
275 901 5
275 1111 4
275 1273 3
276 463 1
276 688 3
276 912 4
276 925 3
276 1145 3
276 1203 1
276 1469 2
278 551 2
278 770 3
278 846 2
278 1236 3
278 1348 3
279 1169 0
279 1346 2
279 1410 1
280 744 3
280 782 1
280 833 4
281 781 4
281 800 5
281 1227 2
282 496 2
282 720 5
282 1226 4
282 1355 4
282 1400 5
283 423 4
283 700 3
283 1155 3
284 285 7
284 335 4
284 867 3
284 1063 4
285 335 4
285 565 3
285 867 3
285 1063 4
286 1408 4
286 1412 3
287 1247 3
288 550 5
288 562 5
288 568 3
288 872 3
288 1403 4
289 291 5
289 294 5
289 300 4
289 310 3
289 1087 6
290 577 5
290 867 2
290 1207 4
290 1351 2
291 294 6
291 473 5
291 558 3
291 824 3
291 1058 4
291 1087 6
292 589 1
293 496 4
293 596 3
293 1433 4
294 473 4
294 525 3
294 824 3
294 1058 4
294 1087 6
295 309 3
295 589 3
295 600 3
295 1297 3
295 1347 2
295 1403 1
295 1422 1
296 316 1
296 731 2
296 1052 1
296 1061 2
296 1116 2
296 1344 3
297 574 2
297 672 1
297 840 1
297 1203 0
297 1408 1
297 1470 3
298 365 2
298 382 3
298 395 3
298 575 0
298 722 3
298 957 2
298 1293 4
299 523 2
299 658 1
299 672 2
299 1124 1
299 1205 2
300 367 4
300 473 4
300 558 4
300 1058 3
301 712 0
301 1392 1
301 1459 3
302 379 3
302 568 3
302 831 2
302 1338 2
302 1476 1
303 477 3
303 598 5
303 1245 4
303 1320 3
304 376 0
305 396 3
305 489 6
305 501 3
305 507 5
305 708 3
305 740 6
306 319 1
306 327 4
306 580 2
306 1037 1
306 1189 2
306 1370 1
307 396 4
307 501 5
307 660 7
307 708 4
307 765 7
307 842 5
307 1059 7
307 1078 5
308 356 2
308 535 1
308 1062 3
308 1125 1
308 1353 0
309 313 2
309 316 1
309 344 4
309 589 4
309 600 6
309 1207 4
309 1297 5
310 1069 2
310 1422 3
311 352 1
311 808 3
311 960 2
311 1317 4
311 1318 4
311 1349 2
311 1465 6
312 313 2
312 577 3
312 640 4
312 647 2
312 867 2
313 344 4
313 589 2
313 640 1
313 647 4
313 866 2
314 378 2
314 591 1
314 1249 3
314 1298 3
315 338 0
315 368 5
315 528 1
315 710 3
315 1345 1
315 1418 2
316 600 1
316 1235 2
316 1459 1
317 1184 2
318 718 5
318 883 3
318 1182 4
318 1426 3
319 497 5
319 665 4
319 1077 6
319 1189 5
319 1365 5
320 559 6
320 610 5
320 1146 5
320 1390 6
321 535 1
321 563 3
321 716 4
321 750 3
321 1232 3
321 1363 4
322 428 4
322 543 3
322 751 1
322 828 4
322 1256 2
323 347 3
323 773 3
323 776 4
323 778 3
323 792 3
323 820 4
323 1266 5
324 534 4
324 891 6
324 893 4
324 1039 6
324 1105 4
324 1113 3
324 1171 6
324 1416 6
325 341 2
325 482 1
325 517 4
325 802 3
325 811 4
325 1378 1
326 515 2
326 1357 5
328 405 2
328 1049 1
328 1056 3
328 1070 2
328 1242 5
328 1337 2
329 510 4
329 734 3
329 911 4
329 996 1
329 1021 1
329 1092 2
330 603 5
330 623 2
330 1096 2
331 424 6
331 445 4
331 481 3
331 542 5
331 545 5
331 1402 2
331 1428 4
332 647 1
332 820 0
332 872 2
332 1186 1
333 432 3
333 443 3
333 475 2
333 508 4
333 1362 2
334 471 4
335 565 4
335 640 2
335 849 1
335 867 4
335 1084 0
335 1380 3
336 908 3
336 929 5
336 930 4
336 985 5
336 986 5
336 1452 4
337 679 0
338 1187 2
339 1004 2
339 1249 0
339 1292 1
341 447 0
341 811 2
341 1321 1
341 1361 2
342 351 2
342 661 2
342 880 4
342 1092 3
342 1125 0
344 577 2
344 600 4
344 647 3
344 866 2
344 1297 3
345 444 2
345 446 0
345 1061 3
345 1065 4
345 1068 2
345 1313 1
345 1446 3
347 493 1
347 820 1
347 1266 3
348 758 3
348 1280 5
349 661 3
349 777 4
349 1012 4
349 1013 4
349 1066 2
349 1197 6
350 526 3
350 1252 4
351 661 2
351 672 1
351 1072 1
352 358 0
352 546 0
352 805 0
352 808 3
352 828 0
352 1205 2
353 1119 2
354 686 3
354 743 3
355 384 4
355 586 2
355 1182 4
355 1426 4
356 895 3
356 1151 3
356 1264 3
357 931 4
357 1064 1
357 1100 3
358 438 3
358 439 2
358 689 2
358 1256 1
358 1261 3
358 1262 3
359 1165 2
359 1218 4
359 1388 1
360 667 1
360 931 2
360 946 2
360 1021 2
360 1130 3
360 1277 0
360 1410 3
361 377 1
361 1317 4
362 825 4
362 879 1
362 1353 1
363 622 2
363 759 3
363 838 1
363 1211 2
364 506 3
364 552 3
364 705 2
365 957 6
365 1293 2
366 970 3
366 1304 2
366 1339 0
369 412 5
369 421 4
369 556 6
369 896 4
369 941 4
369 1172 3
369 1241 1
370 404 2
370 769 3
370 1049 2
370 1290 2
370 1372 3
371 457 5
371 690 5
371 816 3
371 1083 4
371 1173 4
371 1174 6
371 1222 5
372 701 3
372 1066 3
372 1290 5
372 1372 3
373 751 3
373 903 3
373 1066 1
373 1282 5
373 1337 5
374 572 3
374 877 1
374 1190 1
374 1198 2
374 1251 2
375 524 1
375 645 1
375 734 2
375 843 1
375 911 3
376 422 3
376 1018 1
376 1230 1
377 1117 4
377 1376 5
378 939 3
379 814 4
379 1482 3
380 395 4
380 840 1
380 1408 0
381 436 4
381 437 4
381 654 3
381 754 3
381 861 4
381 1002 4
381 1299 1
382 722 5
382 840 3
382 858 4
382 1057 2
382 1293 4
383 414 3
383 759 2
383 913 3
383 1303 3
384 467 2
384 586 3
384 1182 3
384 1252 1
384 1275 1
384 1426 3
385 700 3
385 878 2
385 892 4
385 1098 3
385 1360 3
385 1436 1
386 387 5
386 451 2
386 651 3
386 897 5
387 651 4
387 897 6
388 389 4
388 524 0
388 1050 0
388 1286 2
388 1291 2
388 1413 3
389 845 0
389 1170 4
389 1286 3
389 1291 3
389 1413 4
390 679 4
390 1157 2
390 1204 3
391 583 5
392 744 1
392 1014 2
392 1128 3
392 1216 1
392 1254 2
393 588 4
393 1288 5
393 1289 4
393 1334 5
393 1358 4
393 1466 3
394 766 4
394 812 4
394 857 5
394 928 2
395 722 3
396 501 5
396 660 4
396 740 3
396 765 4
396 1059 4
397 873 4
397 1147 5
397 1377 4
398 1151 2
398 1225 1
398 1327 4
398 1341 3
399 1136 2
399 1263 3
400 642 2
400 1045 2
401 465 4
401 701 3
402 499 3
402 995 2
402 1377 1
403 567 1
403 608 1
403 653 3
403 829 4
403 1046 2
404 769 3
404 839 1
404 1332 2
405 656 4
405 770 4
405 846 3
405 859 5
405 1044 4
405 1049 3
405 1056 3
406 1423 2
406 1483 5
407 408 7
407 871 3
407 929 4
407 930 5
408 871 3
408 929 4
408 930 5
409 410 7
409 974 4
410 974 4
411 444 2
411 486 4
411 1065 1
411 1313 1
411 1432 2
412 556 4
413 427 6
413 435 5
413 1356 4
413 1404 2
414 759 4
414 826 0
414 1302 5
414 1304 3
415 416 2
415 678 3
415 1109 4
415 1199 2
415 1395 3
415 1441 0
416 514 5
416 1109 2
416 1351 2
417 490 2
417 915 2
417 1201 2
417 1328 1
417 1375 1
418 420 7
418 1021 2
419 938 1
419 1242 3
420 1021 2
421 877 5
421 896 6
421 905 4
421 941 3
421 1169 3
421 1172 5
423 524 0
423 700 3
423 1098 1
423 1155 2
424 783 3
424 1402 3
424 1428 4
425 746 3
425 1196 2
425 1451 7
426 1030 6
426 1095 3
426 1373 4
427 435 5
427 591 3
427 1050 4
427 1140 4
427 1356 5
428 438 1
428 439 2
428 828 4
428 1256 2
428 1258 1
429 607 3
429 626 3
429 729 1
429 1084 1
430 620 3
430 1228 3
430 1340 3
430 1342 2
431 1056 2
431 1070 0
431 1458 3
432 508 2
432 914 3
432 1362 3
432 1427 2
433 453 7
433 521 6
433 608 5
433 642 5
433 733 5
434 787 2
435 832 3
435 1029 5
435 1140 4
435 1356 6
436 437 7
436 629 4
436 654 5
436 849 3
436 861 5
436 1063 2
437 629 4
437 654 5
437 849 3
437 861 5
437 1063 2
438 439 4
438 758 5
438 841 4
438 1082 4
439 841 4
439 1136 1
440 1045 3
440 1047 3
440 1461 2
441 637 4
441 817 3
441 855 4
441 1163 3
441 1215 4
442 648 3
442 920 4
442 1122 3
442 1279 2
443 508 2
443 803 5
443 1412 2
444 486 2
444 666 1
444 1401 3
444 1446 1
445 542 4
445 545 4
445 1229 3
446 447 3
446 450 3
446 666 3
446 1042 3
447 528 1
447 710 2
448 449 7
448 570 4
448 1321 4
448 1406 4
448 1434 3
449 570 4
449 1321 4
449 1406 4
450 781 3
450 795 2
450 800 4
450 1042 4
450 1384 2
451 726 2
451 1353 4
452 455 4
452 458 5
452 1005 4
452 1043 3
452 1088 0
452 1180 2
453 521 6
453 608 5
453 642 5
453 733 5
454 461 3
454 944 1
455 458 4
455 531 3
455 921 4
455 1005 4
455 1043 5
455 1180 3
456 566 4
456 643 2
456 671 3
456 850 4
456 1180 2
456 1238 3
457 690 4
457 1083 5
457 1139 3
457 1173 5
457 1174 6
457 1176 5
458 561 1
458 754 2
458 1005 4
458 1043 3
458 1180 2
459 733 5
459 787 3
460 548 4
460 649 6
460 1398 5
460 1463 3
461 466 4
462 706 1
462 866 3
462 1154 1
462 1285 3
463 688 1
463 945 4
463 1057 2
463 1236 1
463 1371 2
463 1470 0
465 659 0
465 1187 3
466 622 3
466 1304 4
467 587 4
467 1075 3
468 605 2
468 714 4
469 1160 1
469 1391 1
470 781 1
470 811 2
470 1378 1
472 618 2
472 1235 1
472 1277 1
473 558 4
473 1058 6
473 1087 5
473 1270 2
474 795 2
474 799 2
474 1068 2
474 1381 2
474 1384 2
474 1446 3
475 508 2
475 678 1
477 1320 4
477 1466 2
478 706 3
478 814 0
479 657 3
479 1142 1
479 1181 4
479 1231 1
479 1245 3
479 1286 2
479 1291 2
480 531 3
480 670 4
480 834 3
480 868 4
481 542 2
481 545 2
481 783 3
481 1229 2
481 1402 4
481 1418 1
482 1062 2
483 493 4
483 514 1
483 1370 2
483 1409 3
484 497 2
484 665 3
484 1226 3
484 1364 5
484 1409 3
486 1103 3
486 1112 5
486 1313 2
486 1432 2
487 669 4
487 948 5
487 981 4
487 982 5
488 835 1
488 1388 1
489 507 5
489 740 6
490 684 0
490 1027 4
490 1028 4
490 1219 1
490 1375 4
491 663 2
491 724 4
491 1153 3
492 1300 3
493 1370 4
493 1409 3
493 1462 2
494 518 3
494 536 5
494 621 2
494 1046 5
495 584 1
495 785 2
495 1324 2
496 720 3
496 1443 3
496 1480 3
497 665 6
497 1189 4
497 1365 6
498 524 2
498 526 2
498 736 2
498 1319 1
498 1407 2
499 520 0
499 1261 2
499 1322 1
500 571 5
500 830 2
500 1167 4
500 1326 5
500 1352 4
501 660 5
501 765 5
501 1059 5
503 637 2
503 817 2
505 847 4
507 740 5
508 1103 1
509 580 6
509 788 3
510 801 0
510 816 2
510 911 4
511 735 3
511 848 3
511 950 3
511 1118 1
511 1310 2
511 1314 3
511 1369 4
512 1300 2
513 699 3
513 713 3
513 773 4
513 774 3
513 1108 4
514 1109 1
515 709 0
515 798 2
516 1009 5
516 1010 5
516 1257 3
516 1259 3
517 802 3
517 1203 2
517 1313 3
517 1366 3
518 536 4
518 829 3
518 994 3
518 1046 4
519 523 3
519 658 3
519 961 3
520 864 2
520 1141 1
521 548 4
521 608 4
521 642 5
522 704 5
522 831 1
522 1298 2
523 658 5
523 1149 5
523 1205 1
524 736 2
524 1330 1
525 1055 2
525 1270 2
525 1326 0
526 1252 2
526 1287 3
526 1319 4
526 1360 1
527 664 3
527 667 2
527 870 3
527 885 3
527 946 3
527 1213 4
528 710 4
528 1188 2
530 563 2
530 655 2
530 748 4
530 1089 3
530 1310 1
531 643 1
531 921 3
532 1221 3
533 690 4
533 880 1
533 1222 4
534 693 2
534 891 5
534 1039 5
534 1171 5
534 1416 5
534 1460 3
535 1125 1
536 829 2
536 1046 5
537 1004 5
538 541 5
538 719 1
538 1158 2
540 646 3
540 1251 1
541 1158 3
541 1458 3
542 545 7
542 795 2
542 1345 2
542 1428 4
543 782 2
543 805 4
544 546 7
544 674 3
544 691 3
544 698 3
544 886 3
544 940 5
544 958 2
545 795 2
545 1345 2
545 1428 4
546 674 3
546 691 3
546 698 3
546 886 3
546 940 5
546 958 2
547 729 4
547 922 4
547 951 4
547 1237 0
547 1274 1
547 1301 2
548 1398 3
548 1463 2
549 861 1
549 921 3
549 1088 2
550 562 5
550 872 4
550 1403 4
550 1411 1
551 683 3
551 770 3
551 1049 3
551 1070 2
553 657 1
553 767 3
553 1113 0
553 1155 1
554 1183 1
555 682 2
555 876 5
555 947 2
557 631 3
557 1238 5
557 1240 4
558 1228 1
559 593 5
559 610 6
559 1389 5
559 1390 7
560 829 1
561 566 4
561 641 3
561 1432 2
562 568 4
562 706 2
562 872 5
562 1403 3
563 716 2
563 1135 2
563 1232 3
563 1372 0
564 578 4
564 691 3
564 908 3
565 640 1
565 849 3
565 884 2
565 1003 3
565 1063 2
565 1380 4
566 643 4
566 850 2
566 1180 4
567 638 2
567 642 2
567 851 4
568 706 1
568 1090 3
570 712 3
570 1434 5
570 1439 2
571 1089 1
571 1167 3
571 1235 3
571 1326 3
571 1352 3
572 889 2
572 1190 4
572 1251 3
573 655 1
573 659 3
573 1233 1
574 879 3
574 1125 3
574 1257 3
574 1259 3
574 1348 3
574 1470 4
575 739 2
575 1335 1
576 779 1
577 640 3
577 867 3
577 1207 3
578 908 4
579 766 3
579 772 3
579 1306 1
580 788 2
580 1189 3
581 773 4
581 774 3
581 776 4
581 778 3
581 1108 4
582 653 3
582 1091 4
582 1463 2
583 821 2
583 1220 3
584 636 1
584 1324 5
585 796 4
585 1100 2
586 601 2
586 995 0
586 1082 1
586 1426 2
586 1448 2
587 928 0
587 1075 2
588 703 4
588 1289 4
588 1334 6
588 1358 6
589 600 3
589 647 1
589 1297 3
590 599 1
591 1050 3
592 1014 1
592 1327 3
592 1341 5
593 610 5
593 721 6
593 1146 5
593 1389 7
593 1390 5
594 1440 2
595 755 2
595 853 5
597 969 3
597 1476 1
598 1245 5
598 1246 4
598 1286 2
598 1413 4
599 787 2
600 1207 4
600 1297 5
601 836 4
601 844 4
601 1082 3
601 1448 5
602 619 1
602 625 2
602 1119 4
602 1143 4
603 623 4
603 1033 2
603 1219 4
604 609 1
604 670 1
604 834 3
604 1133 1
605 714 4
605 825 3
605 1254 3
606 978 3
607 624 1
607 626 5
607 729 1
607 848 1
607 943 1
608 653 3
608 733 4
609 616 0
609 624 3
610 721 5
610 1390 6
611 695 2
611 1179 2
612 621 4
613 913 3
613 950 5
613 1314 4
615 977 1
616 684 1
617 965 3
617 966 3
617 1023 1
619 624 2
619 1025 4
619 1026 4
619 1084 6
619 1255 4
620 1228 2
620 1340 2
620 1342 3
621 627 2
622 651 1
622 759 4
622 1302 4
622 1304 2
622 1331 2
623 1033 2
623 1219 6
623 1328 3
623 1375 2
624 626 2
624 1025 4
624 1026 4
625 628 2
625 1374 2
625 1471 2
627 671 3
627 732 3
628 630 2
628 732 5
628 821 2
629 654 5
629 673 4
629 861 4
630 732 4
630 761 0
631 917 3
631 1238 2
632 681 1
632 761 2
632 785 4
633 664 0
633 738 2
633 824 3
633 885 2
633 1271 3
633 1445 2
634 1060 4
634 1114 4
634 1417 5
635 1355 5
635 1409 4
635 1437 4
635 1457 6
636 954 2
636 1278 2
637 813 1
637 817 4
637 855 4
637 1163 3
639 741 2
639 945 3
639 1371 3
640 791 1
640 867 4
640 1213 2
643 652 1
643 670 2
643 1180 5
644 901 0
644 1127 1
646 1168 4
646 1323 4
646 1367 4
647 866 3
648 926 3
648 1011 3
648 1095 1
648 1405 3
649 1398 5
649 1463 4
650 821 3
650 860 7
650 1374 5
650 1471 4
651 888 2
651 897 5
652 1025 2
652 1255 4
653 829 2
654 861 4
654 1015 4
654 1016 4
654 1063 2
655 942 1
655 983 2
655 1294 3
656 1056 2
656 1216 3
656 1272 2
657 767 2
657 843 1
657 1181 4
657 1286 3
658 782 1
659 942 2
659 1401 1
660 708 4
660 765 7
660 842 5
660 1059 7
660 1078 5
661 1197 3
664 667 3
664 1094 5
664 1213 2
664 1475 3
665 1077 4
665 1364 3
665 1365 5
667 1130 3
667 1475 7
669 871 4
669 948 4
670 834 4
670 868 5
670 890 1
671 1238 4
671 1240 5
672 1257 2
672 1259 2
674 691 3
674 908 3
674 929 2
674 930 3
674 958 3
675 753 3
676 761 2
676 1047 1
677 831 2
677 1051 3
677 1443 4
677 1480 3
678 793 6
678 1109 5
678 1131 2
678 1152 2
678 1395 3
679 1157 2
679 1204 3
682 878 3
682 907 4
682 918 3
682 1123 0
682 1385 2
686 802 2
686 811 3
686 1371 2
686 1378 2
687 730 1
687 859 3
687 1044 4
687 1265 2
688 912 1
688 1203 3
689 817 1
689 961 1
689 1097 2
689 1261 2
690 1139 5
690 1174 5
690 1222 6
690 1234 3
691 908 3
691 940 4
691 1122 0
692 876 3
692 1036 2
692 1320 2
692 1453 1
693 1106 4
693 1123 3
693 1383 4
694 915 5
694 1097 2
694 1164 4
695 948 2
695 981 3
695 1179 2
697 847 5
698 828 2
698 1205 3
698 1258 4
700 1098 2
700 1155 3
700 1252 1
700 1360 2
701 839 3
701 1158 1
701 1290 3
702 1085 1
703 947 1
703 1150 2
703 1334 3
703 1358 4
703 1453 4
704 1433 2
706 724 0
706 872 2
706 1476 1
708 740 4
708 765 4
708 1059 4
708 1078 6
710 1418 4
711 1000 0
711 1336 3
711 1359 2
711 1480 3
712 906 1
714 922 1
714 951 1
714 1254 3
715 857 4
715 1162 3
716 750 3
716 1232 4
716 1279 1
717 883 3
717 1275 2
717 1276 2
717 1456 4
717 1460 3
718 883 3
718 918 2
718 1147 1
718 1182 5
718 1426 3
719 961 5
720 792 3
720 1355 3
720 1400 3
721 1389 6
722 1128 4
722 1293 3
723 837 4
725 983 3
725 1118 3
725 1310 4
725 1368 3
726 1083 1
727 735 2
727 1314 4
727 1325 3
727 1472 5
729 772 3
729 922 4
729 951 3
730 944 5
730 1472 2
731 1034 1
731 1116 5
731 1344 4
731 1361 3
731 1446 0
732 821 1
732 894 2
733 1463 3
734 911 4
734 1092 3
735 826 1
735 913 3
735 950 6
735 1314 3
736 880 2
736 1330 2
737 826 1
737 881 2
737 1234 3
738 1055 3
738 1132 3
738 1161 3
738 1270 2
739 775 4
739 1267 3
740 1078 4
741 856 0
741 873 2
741 960 3
741 1377 3
742 1278 1
742 1324 1
743 781 2
745 1015 5
745 1016 5
745 1088 5
746 1424 3
746 1451 3
747 1120 4
747 1121 4
747 1184 3
747 1185 6
748 804 3
748 1089 4
748 1139 2
748 1159 3
748 1232 3
748 1234 3
749 1001 3
750 818 3
750 1279 1
750 1311 4
750 1312 2
750 1363 4
751 782 2
751 1070 2
751 1282 4
751 1337 4
752 1154 1
753 1096 1
754 861 4
757 890 3
757 899 3
757 1369 1
759 913 1
759 1302 4
761 785 2
762 953 2
763 830 5
763 1173 3
763 1176 3
763 1352 4
764 917 4
764 983 3
765 842 5
765 1059 7
765 1078 5
766 857 4
766 996 1
766 1281 3
766 1306 3
768 920 2
768 922 2
768 951 2
768 1159 2
768 1237 2
768 1296 4
769 1049 3
769 1188 2
769 1372 3
770 846 4
770 1044 3
770 1049 3
771 949 4
771 1256 4
771 1465 1
772 922 3
772 1007 2
772 1008 2
773 774 6
773 776 4
773 778 5
773 820 4
773 1108 5
774 776 4
774 778 6
774 820 4
774 1085 3
775 895 3
775 1102 4
776 778 4
776 792 2
776 1266 2
776 1438 1
777 1012 5
777 1013 5
777 1032 3
777 1197 4
778 820 4
778 1085 4
778 1210 4
780 806 1
780 1160 1
780 1194 1
781 795 2
781 800 5
781 802 0
781 1384 3
782 903 4
782 1282 4
782 1337 3
783 856 3
783 1376 3
783 1402 3
783 1431 2
784 994 4
784 1096 1
786 1252 2
786 1320 1
786 1360 2
786 1385 2
788 789 3
788 790 4
789 790 5
791 823 3
791 1003 4
791 1459 1
792 1266 5
793 1109 5
794 1382 1
795 1345 5
795 1384 6
797 798 5
798 1357 5
801 1072 3
801 1101 4
801 1287 3
801 1293 1
801 1442 4
801 1464 4
802 811 4
802 1203 2
802 1420 3
803 1227 0
803 1382 4
803 1412 2
804 859 1
804 881 2
804 1044 1
804 1159 5
804 1234 4
805 833 2
806 941 2
806 967 2
806 968 2
806 1241 3
806 1309 4
806 1346 3
807 892 0
807 959 3
807 1099 1
807 1142 1
807 1263 2
807 1371 2
808 1465 3
809 1250 1
809 1271 2
810 848 1
810 943 2
811 1378 3
811 1420 4
812 857 4
812 1281 3
812 1306 3
812 1329 3
813 834 1
813 887 2
813 1373 1
813 1419 1
814 1090 3
814 1482 4
815 1380 3
816 1272 3
817 1097 2
817 1163 3
818 1311 2
818 1312 2
818 1368 3
819 1444 1
821 860 3
821 1471 4
822 1130 4
822 1450 2
823 902 3
823 1003 3
823 1104 1
823 1380 3
824 885 1
824 1087 3
824 1445 5
825 1151 1
825 1254 2
825 1267 1
826 950 1
826 1274 1
826 1301 2
826 1303 2
827 1127 4
827 1162 1
828 871 2
828 1256 3
829 1046 3
830 1173 3
830 1176 3
830 1352 5
831 1338 2
831 1443 2
831 1480 2
832 1029 4
832 1140 3
832 1356 3
834 868 4
834 1011 1
835 1375 2
835 1388 3
836 844 4
836 1075 3
836 1448 4
837 1111 1
837 1170 3
838 874 4
838 1233 3
838 1243 4
838 1244 4
839 1290 4
840 858 4
840 1335 2
840 1470 1
841 1261 2
842 1059 5
843 845 2
843 1169 1
844 1448 4
846 1044 3
846 1049 2
848 1076 1
848 1175 2
848 1369 3
849 884 3
850 1238 4
851 900 3
853 1300 4
854 1162 5
854 1277 1
854 1281 2
854 1303 1
854 1306 3
855 1215 4
856 1431 1
857 1281 4
857 1306 4
858 957 2
858 1057 3
858 1335 3
859 1044 6
859 1056 2
860 1374 5
860 1471 4
861 1088 1
862 1454 3
863 1061 3
863 1065 3
864 865 2
864 1141 2
865 911 2
865 1442 2
865 1464 3
866 1285 3
866 1350 2
868 890 1
869 888 2
869 1308 4
869 1484 5
870 885 4
870 946 3
870 1073 2
870 1161 2
871 948 2
873 960 4
873 1147 3
873 1195 2
873 1318 2
873 1377 4
876 1453 2
877 896 4
877 905 3
877 1169 3
877 1172 5
877 1346 1
878 892 1
878 907 4
878 1099 1
878 1181 0
878 1385 2
878 1436 1
879 1125 2
879 1348 4
880 1092 3
881 1089 2
881 1159 3
881 1237 1
882 1080 2
882 1214 3
882 1253 4
883 1182 3
883 1275 4
883 1436 3
884 1063 3
884 1081 2
884 1279 1
884 1299 2
885 931 1
885 946 3
885 1270 0
886 940 5
887 926 4
887 1011 3
887 1141 2
888 897 3
888 1484 4
889 1076 0
889 1142 1
889 1190 4
890 899 3
891 1039 7
891 1171 5
891 1416 5
891 1460 2
892 1074 2
892 1098 4
892 1198 1
893 1105 5
893 1113 5
893 1260 4
893 1416 3
893 1473 3
895 1151 3
895 1267 5
895 1469 4
896 905 5
896 941 3
896 1140 2
896 1172 6
898 1476 1
899 1133 1
899 1299 1
901 1111 4
901 1273 2
903 948 2
903 1282 5
903 1337 4
904 1093 2
905 941 2
905 1050 4
905 1140 4
905 1172 4
906 1071 3
906 1192 3
906 1386 2
906 1417 1
907 1099 3
908 929 3
908 930 3
908 940 2
909 1053 5
909 1179 2
910 943 2
910 1073 1
910 1301 3
910 1331 3
912 925 3
912 1145 3
913 943 3
913 950 4
914 1071 2
914 1152 1
914 1192 4
914 1362 1
914 1427 4
915 1164 3
918 1385 5
918 1456 3
919 934 3
919 935 3
920 1135 2
920 1296 4
920 1405 2
921 1005 3
921 1043 4
921 1048 4
922 951 6
923 997 3
923 1129 2
923 1264 3
923 1265 4
925 973 4
925 1145 4
925 1469 4
926 1011 5
926 1035 3
926 1081 1
926 1141 3
929 930 6
929 985 4
929 986 4
930 985 3
931 946 3
931 1055 3
931 1100 3
932 933 7
932 1023 1
932 1468 1
933 1023 1
933 1468 1
934 935 7
936 937 7
936 1033 3
936 1328 3
936 1478 2
937 1328 3
937 1478 2
938 1007 2
938 1008 2
938 1032 3
938 1303 1
941 970 1
941 1064 1
942 993 1
942 1294 2
942 1381 0
942 1401 2
944 1472 2
945 1057 2
945 1072 1
945 1322 1
945 1371 3
946 1073 2
946 1213 3
947 962 1
947 1481 3
949 1256 5
949 1262 4
949 1280 4
950 1237 0
950 1314 3
952 1218 3
953 1104 3
954 1231 1
954 1278 5
956 1333 2
957 1293 2
958 1205 1
959 1190 1
959 1263 1
959 1371 3
960 1318 3
960 1322 2
960 1377 3
962 1027 2
962 1028 2
962 1454 2
963 964 7
963 1193 2
964 1193 2
965 966 7
965 978 2
966 978 2
967 968 7
967 1177 3
967 1178 3
967 1309 2
968 1177 3
968 1178 3
968 1309 2
969 1410 1
970 971 7
975 976 7
977 1478 2
978 1022 2
979 980 7
979 1297 3
979 1411 2
980 1297 3
980 1411 2
981 982 6
981 1179 3
981 1212 3
982 1212 4
983 1310 4
983 1477 2
984 1468 1
985 986 7
985 1095 3
985 1315 2
986 1095 3
986 1315 2
987 988 7
987 1478 5
987 1479 2
988 1478 5
988 1479 2
989 990 5
989 991 5
990 991 7
992 993 3
992 1239 5
993 1239 1
995 1099 2
995 1134 3
995 1195 2
995 1483 0
998 999 4
998 1000 3
999 1000 4
999 1333 1
1003 1380 5
1005 1043 5
1005 1048 5
1006 1407 2
1007 1008 7
1007 1032 2
1007 1274 2
1008 1032 2
1008 1274 2
1009 1010 7
1009 1349 1
1010 1349 1
1011 1035 3
1012 1013 7
1012 1032 4
1012 1066 2
1012 1197 3
1012 1405 2
1013 1032 4
1013 1066 2
1013 1197 3
1013 1405 2
1014 1254 4
1015 1016 7
1015 1088 4
1016 1088 4
1017 1018 6
1019 1020 7
1021 1410 2
1023 1137 2
1023 1138 2
1024 1150 3
1025 1026 7
1025 1084 4
1025 1255 4
1026 1084 4
1026 1255 4
1027 1028 7
1029 1356 5
1030 1095 3
1030 1373 4
1033 1219 2
1034 1116 1
1035 1405 2
1036 1134 2
1037 1208 4
1037 1209 5
1037 1269 5
1037 1387 3
1037 1421 4
1038 1073 2
1038 1270 2
1039 1105 3
1039 1113 2
1039 1171 5
1039 1416 5
1039 1460 2
1041 1332 1
1042 1124 1
1042 1321 2
1043 1048 4
1045 1047 3
1045 1305 4
1045 1440 4
1047 1440 2
1048 1461 3
1049 1372 2
1050 1140 4
1051 1433 3
1051 1438 2
1051 1443 5
1051 1480 4
1052 1089 3
1055 1100 1
1055 1270 3
1056 1242 2
1057 1236 4
1057 1335 3
1058 1087 5
1058 1270 2
1059 1078 5
1060 1230 2
1060 1295 3
1060 1417 4
1061 1065 3
1061 1068 2
1061 1344 3
1061 1446 3
1063 1279 1
1064 1241 1
1064 1346 1
1065 1439 2
1067 1247 2
1067 1414 2
1067 1441 2
1068 1381 5
1068 1446 5
1069 1336 3
1069 1359 5
1069 1394 2
1069 1422 1
1070 1242 2
1071 1114 4
1071 1192 4
1071 1399 3
1071 1417 2
1071 1427 4
1072 1101 3
1072 1322 1
1072 1442 2
1073 1100 3
1074 1098 3
1074 1142 1
1074 1169 1
1074 1198 3
1074 1291 0
1075 1134 2
1076 1175 1
1077 1189 4
1077 1365 4
1079 1428 5
1080 1288 1
1081 1141 1
1081 1299 2
1081 1343 2
1082 1261 3
1083 1139 3
1083 1174 5
1083 1176 4
1083 1222 4
1084 1255 4
1085 1209 1
1085 1210 5
1086 1196 4
1086 1300 0
1088 1255 0
1089 1232 3
1090 1338 2
1090 1482 5
1092 1197 1
1093 1190 0
1094 1151 2
1096 1324 1
1097 1448 1
1098 1319 1
1099 1147 2
1099 1195 4
1101 1293 1
1103 1112 3
1105 1113 5
1105 1115 3
1105 1260 4
1105 1416 4
1106 1115 3
1110 1201 4
1111 1339 3
1112 1313 2
1112 1419 1
1113 1260 5
1114 1417 5
1115 1260 3
1116 1206 5
1116 1344 4
1116 1361 1
1117 1120 2
1117 1229 2
1117 1376 4
1117 1467 3
1118 1175 3
1118 1237 2
1118 1310 3
1118 1368 4
1119 1143 2
1120 1121 6
1120 1185 5
1120 1229 4
1121 1185 5
1122 1279 2
1123 1460 1
1124 1418 2
1125 1348 3
1125 1470 2
1130 1475 3
1131 1152 2
1131 1395 2
1136 1423 1
1137 1138 7
1139 1159 3
1139 1174 4
1139 1222 5
1139 1234 5
1141 1373 2
1142 1169 1
1142 1181 2
1142 1204 1
1143 1186 2
1145 1469 5
1146 1389 5
1147 1195 3
1147 1377 3
1148 1167 3
1148 1326 2
1151 1267 3
1151 1475 0
1152 1160 0
1152 1395 4
1155 1252 3
1157 1204 4
1159 1234 4
1159 1237 2
1161 1340 2
1161 1474 3
1162 1277 1
1162 1281 2
1162 1306 3
1164 1273 1
1165 1307 2
1167 1326 4
1168 1323 5
1168 1367 3
1171 1416 7
1173 1174 5
1173 1176 7
1174 1176 5
1174 1222 5
1175 1237 1
1175 1368 3
1177 1178 7
1179 1212 3
1181 1245 3
1182 1275 2
1182 1360 1
1182 1426 5
1184 1185 3
1187 1215 0
1188 1372 4
1189 1365 5
1191 1454 4
1192 1427 4
1194 1366 3
1199 1362 0
1199 1395 3
1202 1473 4
1204 1246 2
1204 1367 2
1207 1297 4
1207 1351 3
1208 1209 5
1209 1269 4
1209 1421 3
1211 1339 2
1214 1276 3
1216 1254 1
1219 1328 3
1219 1375 3
1223 1276 4
1224 1275 4
1224 1276 2
1224 1436 3
1225 1264 4
1225 1265 3
1226 1364 2
1226 1400 4
1228 1292 2
1228 1347 4
1228 1422 3
1229 1402 2
1230 1429 1
1231 1278 1
1233 1243 3
1233 1244 3
1236 1348 4
1237 1296 2
1238 1240 5
1240 1471 1
1241 1309 2
1241 1346 4
1242 1282 2
1242 1337 2
1243 1244 7
1245 1246 5
1245 1291 3
1246 1291 3
1246 1367 2
1247 1295 1
1247 1392 1
1248 1323 1
1248 1367 2
1253 1449 4
1257 1259 7
1257 1470 3
1259 1470 3
1262 1280 4
1262 1431 2
1264 1265 6
1267 1469 3
1268 1269 4
1268 1387 4
1268 1421 3
1269 1387 5
1269 1421 6
1271 1392 2
1271 1450 4
1274 1277 1
1274 1301 3
1274 1331 2
1275 1385 1
1275 1436 4
1276 1449 1
1276 1460 2
1281 1306 6
1282 1337 6
1283 1284 6
1285 1350 4
1285 1477 0
1286 1413 4
1287 1319 3
1287 1442 4
1287 1464 4
1289 1334 5
1289 1358 3
1289 1466 2
1290 1372 4
1291 1413 4
1292 1342 3
1296 1405 1
1301 1331 5
1302 1304 4
1302 1331 2
1305 1440 3
1308 1340 2
1308 1342 1
1308 1350 2
1308 1484 4
1309 1330 2
1309 1346 2
1311 1312 5
1314 1369 4
1314 1472 2
1317 1349 3
1317 1465 4
1318 1465 4
1319 1360 2
1319 1442 2
1319 1464 2
1320 1385 2
1321 1406 4
1321 1420 2
1323 1367 3
1325 1354 3
1325 1458 4
1326 1352 3
1327 1341 5
1328 1478 3
1330 1378 1
1334 1358 5
1334 1466 2
1336 1359 5
1336 1400 1
1338 1359 1
1338 1482 2
1340 1484 1
1341 1475 1
1342 1350 4
1345 1384 4
1345 1418 1
1346 1410 1
1347 1422 4
1354 1458 5
1355 1400 4
1355 1457 4
1359 1394 2
1360 1426 1
1361 1434 1
1366 1378 1
1366 1446 0
1370 1387 2
1370 1462 2
1374 1471 5
1376 1431 1
1376 1467 4
1377 1426 0
1381 1446 4
1383 1449 2
1386 1391 2
1387 1421 4
1388 1419 0
1389 1390 5
1391 1429 2
1392 1450 2
1393 1441 2
1394 1400 2
1395 1414 1
1399 1427 3
1402 1418 2
1402 1467 4
1403 1482 3
1404 1444 0
1406 1420 4
1408 1412 2
1409 1457 4
1411 1437 3
1423 1483 3
1425 1444 1
1434 1439 3
1437 1457 4
1438 1443 2
1440 1462 0
1442 1464 5
1443 1480 4
1445 1459 3
1456 1460 1
1468 1479 3
1478 1479 2
